# Time[Gyr], a_x[km/s/Gyr], a_y[km/s/Gyr], a_z[km/s/Gyr]
-4.000000000000000000e+00 -1.998348531736782729e-01 -4.667790519444665165e+00 -2.373692548049435747e+00
-3.990000000000000213e+00 -2.015902964848133583e-01 -4.671403168341995205e+00 -2.366886198336365599e+00
-3.979999999999999982e+00 -2.033510250580552459e-01 -4.675095415930677234e+00 -2.360110169106161671e+00
-3.970000000000000195e+00 -2.051159699905291678e-01 -4.678865497757368708e+00 -2.353368919813674243e+00
-3.959999999999999964e+00 -2.068829031220180137e-01 -4.682706736095471278e+00 -2.346669548905839342e+00
-3.950000000000000178e+00 -2.086527741246511636e-01 -4.686622017700462273e+00 -2.340009065767129304e+00
-3.939999999999999947e+00 -2.104261845289447930e-01 -4.690613111053246520e+00 -2.333385519310428258e+00
-3.930000000000000160e+00 -2.122033193736848622e-01 -4.694680479122508743e+00 -2.326798266263750303e+00
-3.919999999999999929e+00 -2.139842929117971027e-01 -4.698824376938655512e+00 -2.320246868911439275e+00
-3.910000000000000142e+00 -2.157692112722531252e-01 -4.703045042614382609e+00 -2.313730933476910945e+00
-3.899999999999999911e+00 -2.175581870425353503e-01 -4.707342733161215875e+00 -2.307250043316627863e+00
-3.890000000000000124e+00 -2.193513607790266162e-01 -4.711717820758314801e+00 -2.300803710757688414e+00
-3.879999999999999893e+00 -2.211490353365992145e-01 -4.716171245367037024e+00 -2.294391001111013129e+00
-3.870000000000000107e+00 -2.229521726029048689e-01 -4.720706284505339134e+00 -2.288009140064622304e+00
-3.859999999999999876e+00 -2.247585604145416471e-01 -4.725314967353636320e+00 -2.281664178876093629e+00
-3.850000000000000089e+00 -2.265686905624502701e-01 -4.729998952582873173e+00 -2.275354688831979555e+00
-3.839999999999999858e+00 -2.283836055552996014e-01 -4.734761839417608087e+00 -2.269077708503516977e+00
-3.830000000000000071e+00 -2.302035611763112999e-01 -4.739604433478050716e+00 -2.262832443166173491e+00
-3.819999999999999840e+00 -2.320286831835727814e-01 -4.744527077865145159e+00 -2.256618469356647783e+00
-3.810000000000000053e+00 -2.338590789441847839e-01 -4.749530049886837801e+00 -2.250435416698615132e+00
-3.799999999999999822e+00 -2.356948563198071611e-01 -4.754613642026535913e+00 -2.244282917015539613e+00
-3.790000000000000036e+00 -2.375361347761111297e-01 -4.759778191643222911e+00 -2.238160574418502691e+00
-3.779999999999999805e+00 -2.393830875761857324e-01 -4.765024238588480010e+00 -2.232067848430109525e+00
-3.770000000000000018e+00 -2.412361861606837632e-01 -4.770353421375841840e+00 -2.226003413614067394e+00
-3.759999999999999787e+00 -2.430948761458894825e-01 -4.775763603001977664e+00 -2.219968677455936401e+00
-3.750000000000000000e+00 -2.449589128293844509e-01 -4.781253799683758743e+00 -2.213964235976512374e+00
-3.740000000000000213e+00 -2.468290209700601257e-01 -4.786826619765469637e+00 -2.207988101901521727e+00
-3.729999999999999982e+00 -2.487054212773351092e-01 -4.792482800943130172e+00 -2.202039633378328087e+00
-3.719999999999999751e+00 -2.505882502108229826e-01 -4.798222774943683433e+00 -2.196118407773036907e+00
-3.709999999999999964e+00 -2.524776389410056110e-01 -4.804046959300444897e+00 -2.190224030095486274e+00
-3.700000000000000178e+00 -2.543737474796052833e-01 -4.809955887877542580e+00 -2.184356027807386802e+00
-3.689999999999999947e+00 -2.562769075952942011e-01 -4.815950754654704014e+00 -2.178513494088988089e+00
-3.680000000000000160e+00 -2.581869964045407362e-01 -4.822031016289629157e+00 -2.172696689517378044e+00
-3.669999999999999929e+00 -2.601035729643890182e-01 -4.828194919039001221e+00 -2.166906699413557291e+00
-3.660000000000000142e+00 -2.620273481280462891e-01 -4.834445132480466256e+00 -2.161141658591073877e+00
-3.649999999999999911e+00 -2.639585608281120321e-01 -4.840782515462278113e+00 -2.155400916197837802e+00
-3.640000000000000124e+00 -2.658973547189096842e-01 -4.847207567672364270e+00 -2.149684054789447796e+00
-3.629999999999999893e+00 -2.678438662766424727e-01 -4.853720759484314584e+00 -2.143990700043684416e+00
-3.620000000000000107e+00 -2.697982548388114798e-01 -4.860322668296248594e+00 -2.138320407904462872e+00
-3.609999999999999876e+00 -2.717608206313243957e-01 -4.867014447368556596e+00 -2.132672412045330201e+00
-3.600000000000000089e+00 -2.737316845038685331e-01 -4.873796516702061155e+00 -2.127046371455350471e+00
-3.589999999999999858e+00 -2.757101100787179848e-01 -4.880665798670404953e+00 -2.121443987741729931e+00
-3.580000000000000071e+00 -2.776968691190350724e-01 -4.887625394026073877e+00 -2.115863387849647559e+00
-3.569999999999999840e+00 -2.796922700956216978e-01 -4.894676509518654406e+00 -2.110303795220477507e+00
-3.560000000000000053e+00 -2.816964748461411872e-01 -4.901819751148129178e+00 -2.104764781251766692e+00
-3.549999999999999822e+00 -2.837096299196900651e-01 -4.909055664601300606e+00 -2.099245967578896810e+00
-3.540000000000000036e+00 -2.857319068717255606e-01 -4.916384914467429645e+00 -2.093746909111627197e+00
-3.529999999999999805e+00 -2.877636415783099144e-01 -4.923808855367473925e+00 -2.088266799565777543e+00
-3.520000000000000018e+00 -2.898052562925103603e-01 -4.931329217807538967e+00 -2.082804637133075065e+00
-3.509999999999999787e+00 -2.918552980060420410e-01 -4.938939781853869171e+00 -2.077363667295132110e+00
-3.500000000000000000e+00 -2.939147753623451154e-01 -4.946644777726844744e+00 -2.071941574455438584e+00
-3.490000000000000213e+00 -2.959842192292094776e-01 -4.954446404309961416e+00 -2.066537117014621838e+00
-3.479999999999999982e+00 -2.980638280687738506e-01 -4.962345461975878891e+00 -2.061149813112802320e+00
-3.469999999999999751e+00 -3.001537574783231799e-01 -4.970342568251346016e+00 -2.055779280485306337e+00
-3.459999999999999964e+00 -3.022542020709356181e-01 -4.978438550915926797e+00 -2.050425080723550231e+00
-3.450000000000000178e+00 -3.043656188689171094e-01 -4.986635519433605168e+00 -2.045086305571206964e+00
-3.439999999999999947e+00 -3.064892196466318386e-01 -4.994939313826789906e+00 -2.039760722314618135e+00
-3.429999999999999716e+00 -3.086214849218014145e-01 -5.003332482999099717e+00 -2.034454446943187556e+00
-3.419999999999999929e+00 -3.107638422254770383e-01 -5.011821904988197574e+00 -2.029164849604571330e+00
-3.410000000000000142e+00 -3.129176737374484984e-01 -5.020414234860084868e+00 -2.023889386270019131e+00
-3.399999999999999911e+00 -3.150832909379485680e-01 -5.029110880396197913e+00 -2.018627415728455166e+00
-3.390000000000000124e+00 -3.172608473294321052e-01 -5.037912464636478127e+00 -2.013378570617361696e+00
-3.379999999999999893e+00 -3.194505551293991830e-01 -5.046819920538452742e+00 -2.008142393890030686e+00
-3.370000000000000107e+00 -3.216531090795203829e-01 -5.055836600047104668e+00 -2.002917612487246757e+00
-3.359999999999999876e+00 -3.238717187043784196e-01 -5.064978517521066870e+00 -1.997698732105089858e+00
-3.350000000000000089e+00 -3.260985866854418380e-01 -5.074206345881850488e+00 -1.992498792180136924e+00
-3.339999999999999858e+00 -3.283341361339632836e-01 -5.083522034798193978e+00 -1.987316939110783887e+00
-3.330000000000000071e+00 -3.305828507900151481e-01 -5.092947944822217465e+00 -1.982145503480438276e+00
-3.319999999999999840e+00 -3.328454542822719131e-01 -5.102487584973323109e+00 -1.976983163037108637e+00
-3.310000000000000053e+00 -3.351220455820673183e-01 -5.112141322678287914e+00 -1.971829653310269936e+00
-3.299999999999999822e+00 -3.374126223629361210e-01 -5.121908997446475098e+00 -1.966684873847083681e+00
-3.290000000000000036e+00 -3.397170794254603110e-01 -5.131789854208174795e+00 -1.961548833810968118e+00
-3.280000000000000249e+00 -3.420346949946806991e-01 -5.141779573802172543e+00 -1.956422237242298134e+00
-3.270000000000000018e+00 -3.443669801416552323e-01 -5.151886641474361817e+00 -1.951303192253410979e+00
-3.259999999999999787e+00 -3.467151642052104799e-01 -5.162117926360766162e+00 -1.946190147834453210e+00
-3.250000000000000000e+00 -3.490776905425229115e-01 -5.172464304050828687e+00 -1.941084760397546294e+00
-3.240000000000000213e+00 -3.514544680743934557e-01 -5.182925014089278193e+00 -1.935986954643430069e+00
-3.229999999999999982e+00 -3.538456768997006452e-01 -5.193500832725327143e+00 -1.930896343742650512e+00
-3.219999999999999751e+00 -3.562515316466293713e-01 -5.204192740802270123e+00 -1.925812481151385036e+00
-3.209999999999999964e+00 -3.586721227794734124e-01 -5.215001048396936234e+00 -1.920735118002200092e+00
-3.200000000000000178e+00 -3.611066839997921218e-01 -5.225921517168199415e+00 -1.915665251263571234e+00
-3.189999999999999947e+00 -3.635564979763780680e-01 -5.236960756912765191e+00 -1.910600851407031620e+00
-3.179999999999999716e+00 -3.660256458223818399e-01 -5.248140263021171315e+00 -1.905535757201964664e+00
-3.169999999999999929e+00 -3.685111292996556265e-01 -5.259443990544115266e+00 -1.900474306605272057e+00
-3.160000000000000142e+00 -3.710126011628102072e-01 -5.270869922978816291e+00 -1.895416881820192856e+00
-3.149999999999999911e+00 -3.735300582076691023e-01 -5.282417880830645451e+00 -1.890363373821276394e+00
-3.140000000000000124e+00 -3.760618960723868254e-01 -5.294079353767229712e+00 -1.885316142634977155e+00
-3.129999999999999893e+00 -3.786132603370194194e-01 -5.305880969463388830e+00 -1.880267097211446359e+00
-3.120000000000000107e+00 -3.811833648282055287e-01 -5.317818519261161114e+00 -1.875217370283712714e+00
-3.109999999999999876e+00 -3.837716030337791073e-01 -5.329888714429276142e+00 -1.870167798692361494e+00
-3.100000000000000089e+00 -3.863772915997157886e-01 -5.342087852605768461e+00 -1.865119343050323009e+00
-3.089999999999999858e+00 -3.890005278108584208e-01 -5.354416303410965305e+00 -1.860071749218236370e+00
-3.080000000000000071e+00 -3.916407377396410316e-01 -5.366871069992625642e+00 -1.855025903016494615e+00
-3.069999999999999840e+00 -3.942989093973763848e-01 -5.379457035022926270e+00 -1.849980078336125322e+00
-3.060000000000000053e+00 -3.969802280486057211e-01 -5.392200296716446850e+00 -1.844925560171620349e+00
-3.049999999999999822e+00 -3.996810418221130035e-01 -5.405082355479170708e+00 -1.839868404202492203e+00
-3.040000000000000036e+00 -4.024007686341521950e-01 -5.418100183282398952e+00 -1.834809507573747389e+00
-3.030000000000000249e+00 -4.051394952217490242e-01 -5.431254140674041331e+00 -1.829748674477301718e+00
-3.020000000000000018e+00 -4.078962483909434056e-01 -5.444539387984090872e+00 -1.824687574484699093e+00
-3.009999999999999787e+00 -4.106718731006620549e-01 -5.457960011959135826e+00 -1.819624680887767854e+00
-3.000000000000000000e+00 -4.134748626731888921e-01 -5.471557783274755948e+00 -1.814544990762857024e+00
-2.990000000000000213e+00 -4.162993228459469508e-01 -5.485303680988807606e+00 -1.809458887031967889e+00
-2.979999999999999982e+00 -4.191439418227512759e-01 -5.499191207798531877e+00 -1.804368655084918061e+00
-2.969999999999999751e+00 -4.220082021643454251e-01 -5.513217858429295681e+00 -1.799275229871796222e+00
-2.959999999999999964e+00 -4.248876846408167762e-01 -5.527362395548673035e+00 -1.794186785276538521e+00
-2.950000000000000178e+00 -4.277825186832208693e-01 -5.541625438531441183e+00 -1.789103065890937705e+00
-2.939999999999999947e+00 -4.307250624826297059e-01 -5.556162416205570054e+00 -1.783964250905295090e+00
-2.929999999999999716e+00 -4.336927277548957016e-01 -5.570864863851588744e+00 -1.778812130060800190e+00
-2.919999999999999929e+00 -4.366795637059337487e-01 -5.585704188830736605e+00 -1.773657698046687381e+00
-2.910000000000000142e+00 -4.396859926873800672e-01 -5.600682386240043442e+00 -1.768500156429776871e+00
-2.899999999999999911e+00 -4.427145706214654641e-01 -5.615811633039574424e+00 -1.763334696977425287e+00
-2.889999999999999680e+00 -4.457673002505653792e-01 -5.631101477840581460e+00 -1.758157569543988163e+00
-2.879999999999999893e+00 -4.488360091814578290e-01 -5.646513211133696863e+00 -1.752984283825520295e+00
-2.870000000000000107e+00 -4.519285098649454824e-01 -5.662083980054988253e+00 -1.747800118400653302e+00
-2.859999999999999876e+00 -4.550482158103640873e-01 -5.677830037512431538e+00 -1.742598650454503684e+00
-2.849999999999999645e+00 -4.581968169730342710e-01 -5.693759444575760220e+00 -1.737376721064803897e+00
-2.839999999999999858e+00 -4.613770833843545693e-01 -5.709885430188308852e+00 -1.732129146689261656e+00
-2.830000000000000071e+00 -4.645913148318100427e-01 -5.726218976832449847e+00 -1.726851626043870658e+00
-2.820000000000000284e+00 -4.678250054762426724e-01 -5.742690845046904080e+00 -1.721571311371730806e+00
-2.810000000000000053e+00 -4.710881104751904469e-01 -5.759348568300107551e+00 -1.716269576156624010e+00
-2.799999999999999822e+00 -4.743761661762536663e-01 -5.776170813927492986e+00 -1.710954758825210309e+00
-2.790000000000000036e+00 -4.776936394102789807e-01 -5.793178917892493729e+00 -1.705618509826865692e+00
-2.780000000000000249e+00 -4.810407608561383941e-01 -5.810373983915319229e+00 -1.700260399787122401e+00
-2.770000000000000018e+00 -4.844149392486600259e-01 -5.827743630378807715e+00 -1.694885268550216040e+00
-2.759999999999999787e+00 -4.878221331573843189e-01 -5.845316323117366153e+00 -1.689481983836846890e+00
-2.750000000000000000e+00 -4.912558882281586881e-01 -5.863061232524286126e+00 -1.684062606642879878e+00
-2.740000000000000213e+00 -4.947231459401720266e-01 -5.881011508345754812e+00 -1.678614160908001640e+00
-2.729999999999999982e+00 -4.982200083944166580e-01 -5.899148545810846578e+00 -1.673143940178268396e+00
-2.719999999999999751e+00 -5.017476911585850852e-01 -5.917478142705624222e+00 -1.667649667742687303e+00
-2.709999999999999964e+00 -5.053096213150637395e-01 -5.936016662838326852e+00 -1.662124931625842850e+00
-2.700000000000000178e+00 -5.089034239079646138e-01 -5.954752762737589578e+00 -1.656574176672842569e+00
-2.689999999999999947e+00 -5.125300665080954055e-01 -5.973691056776384123e+00 -1.650995582815510287e+00
-2.679999999999999716e+00 -5.161903085721374351e-01 -5.992835121564598744e+00 -1.645387695543584217e+00
-2.669999999999999929e+00 -5.198838088381859679e-01 -6.012183828305230904e+00 -1.639751525327395099e+00
-2.660000000000000142e+00 -5.236153540999726186e-01 -6.031757235522559490e+00 -1.634076043953232915e+00
-2.649999999999999911e+00 -5.273812749195455618e-01 -6.051540795307161602e+00 -1.628370319788079446e+00
-2.639999999999999680e+00 -5.311789195114360318e-01 -6.071524053330965565e+00 -1.622640946007805285e+00
-2.629999999999999893e+00 -5.350128098030725310e-01 -6.091725724562251365e+00 -1.616877337575143958e+00
-2.620000000000000107e+00 -5.388841924821327067e-01 -6.112151263992565475e+00 -1.611076789849491320e+00
-2.609999999999999876e+00 -5.427936044635536250e-01 -6.132803259263488904e+00 -1.605238317763148181e+00
-2.599999999999999645e+00 -5.467415458873712275e-01 -6.153684145358798929e+00 -1.599361021113616665e+00
-2.589999999999999858e+00 -5.507288410360330344e-01 -6.174797651032496226e+00 -1.593443203807551445e+00
-2.580000000000000071e+00 -5.547581553742538807e-01 -6.196154813786444393e+00 -1.587478630980061034e+00
-2.570000000000000284e+00 -5.588259652298083191e-01 -6.217742159521634449e+00 -1.581476371519623170e+00
-2.560000000000000053e+00 -5.629293430040394064e-01 -6.239548552718842345e+00 -1.575444014354789868e+00
-2.549999999999999822e+00 -5.670739791088610371e-01 -6.261597018529155179e+00 -1.569367839290845668e+00
-2.540000000000000036e+00 -5.712611993669282073e-01 -6.283893311908537171e+00 -1.563244942427402417e+00
-2.530000000000000249e+00 -5.754915986690373186e-01 -6.306440305036372429e+00 -1.557074234575644311e+00
-2.520000000000000018e+00 -5.797657726950183887e-01 -6.329240878523859415e+00 -1.550854625466690395e+00
-2.509999999999999787e+00 -5.840848649983746421e-01 -6.352300066367603470e+00 -1.544583665923927596e+00
-2.500000000000000000e+00 -5.884525446014503558e-01 -6.375632832649418269e+00 -1.538252593232179555e+00
-2.490000000000000213e+00 -5.928605477792765477e-01 -6.399207344951411969e+00 -1.531882521048433698e+00
-2.479999999999999982e+00 -5.973109164842069774e-01 -6.423032153180453285e+00 -1.525468738753519293e+00
-2.469999999999999751e+00 -6.018085133819304211e-01 -6.447126892642834228e+00 -1.518999494083156154e+00
-2.459999999999999964e+00 -6.063545398728391600e-01 -6.471496871643923399e+00 -1.512472224744416005e+00
-2.450000000000000178e+00 -6.109496481079885744e-01 -6.496145252899396816e+00 -1.505885747252832640e+00
-2.439999999999999947e+00 -6.155946197309347667e-01 -6.521075703012708225e+00 -1.499238548735890353e+00
-2.429999999999999716e+00 -6.202913342337141867e-01 -6.546296118936941966e+00 -1.492526318391375950e+00
-2.419999999999999929e+00 -6.250431660687957303e-01 -6.571820170037335096e+00 -1.485740928816776885e+00
-2.410000000000000142e+00 -6.298380983926046284e-01 -6.597602363090528499e+00 -1.478913672523185729e+00
-2.399999999999999911e+00 -6.346830347442458109e-01 -6.623669886122420358e+00 -1.472027352042591719e+00
-2.389999999999999680e+00 -6.395821349343026041e-01 -6.650039429835127081e+00 -1.465071837057956516e+00
-2.379999999999999893e+00 -6.445365358680359424e-01 -6.676716095751594082e+00 -1.458044757364696187e+00
-2.370000000000000107e+00 -6.495469314662249971e-01 -6.703703292517473322e+00 -1.450944887961361784e+00
-2.359999999999999876e+00 -6.546140866823464410e-01 -6.731004710978847783e+00 -1.443770826973524990e+00
-2.349999999999999645e+00 -6.597393597664628073e-01 -6.758626327661667155e+00 -1.436519652475187092e+00
-2.339999999999999858e+00 -6.649234458351882537e-01 -6.786571588781535880e+00 -1.429190163793311541e+00
-2.330000000000000071e+00 -6.701635738010764953e-01 -6.814830674482177386e+00 -1.421790067797838564e+00
-2.320000000000000284e+00 -6.754632622797029917e-01 -6.843417836014841882e+00 -1.414310898810017258e+00
-2.310000000000000053e+00 -6.808241443114279035e-01 -6.872340136320310933e+00 -1.406749053038760078e+00
-2.299999999999999822e+00 -6.862474179300313004e-01 -6.901602967328590132e+00 -1.399102048058843861e+00
-2.290000000000000036e+00 -6.917346379065820727e-01 -6.931213058869881039e+00 -1.391366464223663391e+00
-2.280000000000000249e+00 -6.972842929408612500e-01 -6.961165713005318167e+00 -1.383546989622290502e+00
-2.270000000000000018e+00 -7.028987083241925449e-01 -6.991470549284690250e+00 -1.375638179352920210e+00
-2.259999999999999787e+00 -7.085798777325061915e-01 -7.022135975435144672e+00 -1.367635478484593214e+00
-2.250000000000000000e+00 -7.143290555066461600e-01 -7.053167663242948748e+00 -1.359536307153970336e+00
-2.240000000000000213e+00 -7.201479513257950105e-01 -7.084573018563588676e+00 -1.351336904912087800e+00
-2.229999999999999982e+00 -7.260361226892482200e-01 -7.116351350367413175e+00 -1.343039153152949750e+00
-2.219999999999999751e+00 -7.319940056528322359e-01 -7.148505275751428023e+00 -1.334642632998173761e+00
-2.209999999999999964e+00 -7.380247031270454894e-01 -7.181047464903046240e+00 -1.326139951872678413e+00
-2.200000000000000178e+00 -7.441297425726925985e-01 -7.213984667613332569e+00 -1.317527848018875458e+00
-2.189999999999999947e+00 -7.503109555456330959e-01 -7.247324706716755216e+00 -1.308802210838033053e+00
-2.179999999999999716e+00 -7.565695112355085294e-01 -7.281073028594633456e+00 -1.299960754538968644e+00
-2.169999999999999929e+00 -7.629023713011177099e-01 -7.315219890477577813e+00 -1.291012694493248514e+00
-2.160000000000000142e+00 -7.693145730225564582e-01 -7.349784738445157117e+00 -1.281945192401807709e+00
-2.149999999999999911e+00 -7.758085070608041756e-01 -7.384777507972786204e+00 -1.272752679741167903e+00
-2.139999999999999680e+00 -7.823862707430587760e-01 -7.420207188501506401e+00 -1.263430478135128432e+00
-2.129999999999999893e+00 -7.890522312918650805e-01 -7.456091330053784105e+00 -1.253967964998780493e+00
-2.120000000000000107e+00 -7.957960968555775061e-01 -7.492392508640199011e+00 -1.244393080380468364e+00
-2.109999999999999876e+00 -8.026242599838429026e-01 -7.529135786763258231e+00 -1.234689818603924572e+00
-2.099999999999999645e+00 -8.095431886748523098e-01 -7.566346569958180446e+00 -1.224842021907977641e+00
-2.089999999999999858e+00 -8.165557416759354759e-01 -7.604036779650289013e+00 -1.214843059916368206e+00
-2.080000000000000071e+00 -8.236699483865599358e-01 -7.642237741205467394e+00 -1.204672716293801793e+00
-2.070000000000000284e+00 -8.308725497636217927e-01 -7.680901030099853699e+00 -1.194366825053352343e+00
-2.060000000000000053e+00 -8.381516741368228995e-01 -7.719983283651860262e+00 -1.183957467874832137e+00
-2.049999999999999822e+00 -8.455319200455596595e-01 -7.759577752023561814e+00 -1.173380690713840657e+00
-2.040000000000000036e+00 -8.530169735635056982e-01 -7.799699455834685935e+00 -1.162627689589595725e+00
-2.030000000000000249e+00 -8.606062062942909652e-01 -7.840347028205341573e+00 -1.151700849392979009e+00
-2.020000000000000018e+00 -8.682992618830388531e-01 -7.881520254506500400e+00 -1.140601939752609928e+00
-2.009999999999999787e+00 -8.761041768534737484e-01 -7.923252875844363885e+00 -1.129312493933795070e+00
-2.000000000000000000e+00 -8.840160534874719200e-01 -7.965526031247124550e+00 -1.117845029412523949e+00
-1.989999999999999769e+00 -8.920344670793192154e-01 -8.008338877338610828e+00 -1.106201214891944895e+00
-1.979999999999999982e+00 -9.001603645156266431e-01 -8.051696178951873506e+00 -1.094379463857982682e+00
-1.969999999999999751e+00 -9.083911839592551107e-01 -8.095589212651855604e+00 -1.082387167169211573e+00
-1.959999999999999964e+00 -9.167476036676042161e-01 -8.140098640478624858e+00 -1.070172249364829575e+00
-1.950000000000000178e+00 -9.252269138521748149e-01 -8.185215251056977337e+00 -1.057742544893051972e+00
-1.939999999999999947e+00 -9.338217986559638195e-01 -8.230912130282268535e+00 -1.045117678240701897e+00
-1.930000000000000160e+00 -9.425327817443819312e-01 -8.277192453707666431e+00 -1.032297171557195359e+00
-1.919999999999999929e+00 -9.513757154273203565e-01 -8.324117618954739228e+00 -1.019240778528747393e+00
-1.910000000000000142e+00 -9.603540397101651971e-01 -8.371702039173467114e+00 -1.005940573215879930e+00
-1.899999999999999911e+00 -9.694587248440856841e-01 -8.419912823060036189e+00 -9.924210228012014801e-01
-1.890000000000000124e+00 -9.786879396784274876e-01 -8.468744491796686091e+00 -9.786879741574194824e-01
-1.879999999999999893e+00 -9.880576091976016606e-01 -8.518257973465079402e+00 -9.647004374387078141e-01
-1.870000000000000107e+00 -9.975776047515124700e-01 -8.568491694964917471e+00 -9.504334961376117441e-01
-1.859999999999999876e+00 -1.007235178284358268e+00 -8.619399610487338492e+00 -9.359219837810096587e-01
-1.850000000000000089e+00 -1.017028479128457175e+00 -8.670976368984204541e+00 -9.211719424234240394e-01
-1.839999999999999858e+00 -1.026970248460642887e+00 -8.723270604182834731e+00 -9.061504997316252030e-01
-1.830000000000000071e+00 -1.037079006866366893e+00 -8.776352446066267632e+00 -8.908094414952529849e-01
-1.819999999999999840e+00 -1.047338235099921855e+00 -8.830162628246410961e+00 -8.751942070331085732e-01
-1.810000000000000053e+00 -1.057745760745236296e+00 -8.884694998320620485e+00 -8.593119862907044881e-01
-1.799999999999999822e+00 -1.068310511372891902e+00 -8.939983637465749311e+00 -8.431397437513411530e-01
-1.790000000000000036e+00 -1.079059941187108018e+00 -8.996129526661659881e+00 -8.266038142418373758e-01
-1.779999999999999805e+00 -1.089974929360783218e+00 -9.053066188610271681e+00 -8.097583583539142982e-01
-1.770000000000000018e+00 -1.101053016723732236e+00 -9.110786907238454191e+00 -7.926117023675602891e-01
-1.759999999999999787e+00 -1.112299208392769412e+00 -9.169311586792142421e+00 -7.751515226746921172e-01
-1.750000000000000000e+00 -1.123745361166705869e+00 -9.228755017021633478e+00 -7.572905710390975820e-01
-1.739999999999999769e+00 -1.135375092538746689e+00 -9.289061798331575304e+00 -7.390764044206167283e-01
-1.729999999999999982e+00 -1.147187310167333996e+00 -9.350230356774751783e+00 -7.205137702914822251e-01
-1.719999999999999751e+00 -1.159186996649669510e+00 -9.412280531955140361e+00 -7.015904171955040791e-01
-1.709999999999999964e+00 -1.171388072166679839e+00 -9.475263594723669414e+00 -6.822690436686762450e-01
-1.699999999999999734e+00 -1.183791324862251138e+00 -9.539184637783664655e+00 -6.625491641448275626e-01
-1.689999999999999947e+00 -1.196402836843252659e+00 -9.604067349249110208e+00 -6.424154327296284217e-01
-1.680000000000000160e+00 -1.209224938461506138e+00 -9.669922326333429297e+00 -6.218630964890919932e-01
-1.669999999999999929e+00 -1.222264243076285339e+00 -9.736775059557595924e+00 -6.008752752718892198e-01
-1.660000000000000142e+00 -1.235524963855973324e+00 -9.804642779408382580e+00 -5.794419500002628842e-01
-1.649999999999999911e+00 -1.249012374167795203e+00 -9.873546319666793636e+00 -5.575500340279517797e-01
-1.640000000000000124e+00 -1.262732796398378765e+00 -9.943510199663659677e+00 -5.351834997951193662e-01
-1.629999999999999893e+00 -1.276690060705799379e+00 -1.001455034295307733e+01 -5.123334314188420224e-01
-1.620000000000000107e+00 -1.290892525296282844e+00 -1.008669817316974004e+01 -4.889779048067167677e-01
-1.609999999999999876e+00 -1.305342967912169527e+00 -1.015996614657627717e+01 -4.651111265170986830e-01
-1.600000000000000089e+00 -1.320050591405848683e+00 -1.023438845695673827e+01 -4.407086568466959675e-01
-1.589999999999999858e+00 -1.335019354745974773e+00 -1.030998165676359335e+01 -4.157613487094475313e-01
-1.580000000000000071e+00 -1.350256521004459476e+00 -1.038677339569190927e+01 -3.902504057584652575e-01
-1.569999999999999840e+00 -1.365769105110291148e+00 -1.046479049275687423e+01 -3.641577572691767073e-01
-1.560000000000000053e+00 -1.381563832168722916e+00 -1.054405879789535838e+01 -3.374661861339573465e-01
-1.549999999999999822e+00 -1.397647792906313580e+00 -1.062460538769327378e+01 -3.101573994349547392e-01
-1.540000000000000036e+00 -1.414028332848898062e+00 -1.070645818347441036e+01 -2.822123594173563954e-01
-1.529999999999999805e+00 -1.430713027894742417e+00 -1.078964587175891943e+01 -2.536113449031307532e-01
-1.520000000000000018e+00 -1.447709676326450312e+00 -1.087419787221771372e+01 -2.243339757546242708e-01
-1.509999999999999787e+00 -1.465026385835592970e+00 -1.096014461566779907e+01 -1.943589485587576271e-01
-1.500000000000000000e+00 -1.482671484269968865e+00 -1.104751724920717493e+01 -1.636642984122776978e-01
-1.489999999999999769e+00 -1.500653574620581132e+00 -1.113634780773813482e+01 -1.322272331232692000e-01
-1.479999999999999982e+00 -1.518981540238339090e+00 -1.122666922166924053e+01 -1.000241039071110560e-01
-1.469999999999999751e+00 -1.537664537930283126e+00 -1.131851525857385710e+01 -6.703040690561389015e-02
-1.459999999999999964e+00 -1.556711909649758807e+00 -1.141192008263839952e+01 -3.322093033028184622e-02
-1.449999999999999734e+00 -1.576131542776953109e+00 -1.150691022016870413e+01 1.427308568682570614e-03
-1.439999999999999947e+00 -1.595927049576224777e+00 -1.160349103795493164e+01 3.692963190003564766e-02
-1.430000000000000160e+00 -1.616115511288753082e+00 -1.170173310910536024e+01 7.332592504896262575e-02
-1.419999999999999929e+00 -1.636709222702199984e+00 -1.180168274659579630e+01 1.106483194862614844e-01
-1.410000000000000142e+00 -1.657719544989703087e+00 -1.190338095820735376e+01 1.489278483566929545e-01
-1.399999999999999911e+00 -1.679158170293389318e+00 -1.200686953566323645e+01 1.881967551019444740e-01
-1.390000000000000124e+00 -1.701037001714179153e+00 -1.211219089664261084e+01 2.284879603830248240e-01
-1.379999999999999893e+00 -1.723368437691654709e+00 -1.221938896888128845e+01 2.698359463292462346e-01
-1.370000000000000107e+00 -1.746165354126701708e+00 -1.232850915094430633e+01 3.122766802905293515e-01
-1.359999999999999876e+00 -1.769440911919665682e+00 -1.243959782960874705e+01 3.558469440762618841e-01
-1.350000000000000089e+00 -1.793209211505530476e+00 -1.255270353860833055e+01 4.005870009140948262e-01
-1.339999999999999858e+00 -1.817484976442251599e+00 -1.266787649791416115e+01 4.465392357591271288e-01
-1.330000000000000071e+00 -1.842281878139034879e+00 -1.278516597454311032e+01 4.937410559239231445e-01
-1.319999999999999840e+00 -1.867615209524736697e+00 -1.290462448098464598e+01 5.422362232181102693e-01
-1.310000000000000053e+00 -1.893502472110975887e+00 -1.302630868495067062e+01 5.920773567633460521e-01
-1.299999999999999822e+00 -1.919958806393387674e+00 -1.315027250606183173e+01 6.433063559385711061e-01
-1.290000000000000036e+00 -1.947000244555075588e+00 -1.327657217205494788e+01 6.959682321845005459e-01
-1.279999999999999805e+00 -1.974647310202088502e+00 -1.340527054579090738e+01 7.501273390136966590e-01
-1.270000000000000018e+00 -2.002918466970891931e+00 -1.353642905578997713e+01 8.058379690281189944e-01
-1.259999999999999787e+00 -2.031828723042953033e+00 -1.367010580729818514e+01 8.631382195659633716e-01
-1.250000000000000000e+00 -2.061398409218536010e+00 -1.380636650712305702e+01 9.220893044872316979e-01
-1.239999999999999769e+00 -2.091657448602536551e+00 -1.394529124047071988e+01 9.827935900763593580e-01
-1.229999999999999982e+00 -2.122617269099601245e+00 -1.408693582440618108e+01 1.045271541749542843e+00
-1.219999999999999751e+00 -2.154296735245294414e+00 -1.423136737683356401e+01 1.109575416516363155e+00
-1.209999999999999964e+00 -2.186731294035214823e+00 -1.437867548187227129e+01 1.175830380737238334e+00
-1.199999999999999734e+00 -2.219941663650851549e+00 -1.452893278607754546e+01 1.244094616110362539e+00
-1.189999999999999947e+00 -2.253947303297139992e+00 -1.468221173252116785e+01 1.314419658195498997e+00
-1.180000000000000160e+00 -2.288774684187649733e+00 -1.483859364861387853e+01 1.386888326459580156e+00
-1.169999999999999929e+00 -2.324446790142574493e+00 -1.499815491847647131e+01 1.461568268423506733e+00
-1.160000000000000142e+00 -2.361001699242088137e+00 -1.516099834081284925e+01 1.538589099989284170e+00
-1.149999999999999911e+00 -2.398469928018364339e+00 -1.532721548355832120e+01 1.618047912979315495e+00
-1.140000000000000124e+00 -2.436873622964280894e+00 -1.549688597361057951e+01 1.700005443862264265e+00
-1.129999999999999893e+00 -2.476248002730307540e+00 -1.567011048700737064e+01 1.784577438136162542e+00
-1.120000000000000107e+00 -2.516626410275258685e+00 -1.584698833760400127e+01 1.871870528407675094e+00
-1.109999999999999876e+00 -2.558039980088658627e+00 -1.602761662812692123e+01 1.961981055472056257e+00
-1.100000000000000089e+00 -2.600530645924848727e+00 -1.621210886470329271e+01 2.055051538616085249e+00
-1.089999999999999858e+00 -2.644129159326826350e+00 -1.640056527869170822e+01 2.151173942655826288e+00
-1.080000000000000071e+00 -2.688878870403739185e+00 -1.659310334153293454e+01 2.250495505854228195e+00
-1.069999999999999840e+00 -2.734820937159991860e+00 -1.678983986618767332e+01 2.353152114520583815e+00
-1.060000000000000053e+00 -2.781992474642698276e+00 -1.699088847459449880e+01 2.459260196333876713e+00
-1.049999999999999822e+00 -2.830445752054522313e+00 -1.719638197799127965e+01 2.569003799472885152e+00
-1.040000000000000036e+00 -2.880219671009814242e+00 -1.740643985880303291e+01 2.682504664636498060e+00
-1.029999999999999805e+00 -2.931365823079250976e+00 -1.762119868829431724e+01 2.799940406621069577e+00
-1.020000000000000018e+00 -2.983936967002921214e+00 -1.784079721178709477e+01 2.921493335295227034e+00
-1.009999999999999787e+00 -3.037981288271517144e+00 -1.806536729513362616e+01 3.047326157750077869e+00
-1.000000000000000000e+00 -3.093557181357886599e+00 -1.829506787553830449e+01 3.177636689929025593e+00
-9.899999999999997691e-01 -3.150721118005362698e+00 -1.853003580335481715e+01 3.312628684841874005e+00
-9.799999999999999822e-01 -3.209533206993591126e+00 -1.877043141627764911e+01 3.452508178551774609e+00
-9.699999999999997513e-01 -3.270057049485543654e+00 -1.901642273697276764e+01 3.597494381471996849e+00
-9.599999999999999645e-01 -3.332357445775944171e+00 -1.926816121814560034e+01 3.747825218660491231e+00
-9.499999999999997335e-01 -3.396504808211394000e+00 -1.952582739862266692e+01 3.903747419052488787e+00
-9.399999999999999467e-01 -3.462573136682457697e+00 -1.978960309547853669e+01 4.065526131970036872e+00
-9.299999999999997158e-01 -3.530634625306906749e+00 -2.005965503482972778e+01 4.233427915967871158e+00
-9.199999999999999289e-01 -3.600768876806449192e+00 -2.033616786460903469e+01 4.407746073572698542e+00
-9.100000000000001421e-01 -3.673061092500225389e+00 -2.061934898393338145e+01 4.588787319435857270e+00
-8.999999999999999112e-01 -3.747598673159158178e+00 -2.090939132855148586e+01 4.776880924254139238e+00
-8.900000000000001243e-01 -3.824471458460160012e+00 -2.120649781073288054e+01 4.972361961514010886e+00
-8.799999999999998934e-01 -3.903776108725398153e+00 -2.151088160034110786e+01 5.175594741739928395e+00
-8.700000000000001066e-01 -3.985612569976885844e+00 -2.182275505839030671e+01 5.386961898637339985e+00
-8.599999999999998757e-01 -4.070086901899673926e+00 -2.214233577781109119e+01 5.606875196296042141e+00
-8.500000000000000888e-01 -4.157310102497302040e+00 -2.246985609880266566e+01 5.835762173203449699e+00
-8.399999999999998579e-01 -4.247398669100250324e+00 -2.280556992647700199e+01 6.074064143496218371e+00
-8.300000000000000711e-01 -4.340475438100765082e+00 -2.314970310030963319e+01 6.322277315760554295e+00
-8.199999999999998401e-01 -4.436669334958986965e+00 -2.350249042911228514e+01 6.580924138069260465e+00
-8.100000000000000533e-01 -4.536115961537464436e+00 -2.386419681480499122e+01 6.850540904898954508e+00
-7.999999999999998224e-01 -4.638957864973388467e+00 -2.423510129442013294e+01 7.131690963290335361e+00
-7.900000000000000355e-01 -4.745345098498911618e+00 -2.461546360590907057e+01 7.424992390806423259e+00
-7.799999999999998046e-01 -4.855436139327710343e+00 -2.500552144242881880e+01 7.731124971715813032e+00
-7.700000000000000178e-01 -4.969396254110122868e+00 -2.540560399469860542e+01 8.050737675960736084e+00
-7.599999999999997868e-01 -5.087401442193126400e+00 -2.581595045621794426e+01 8.384603732923142871e+00
-7.500000000000000000e-01 -5.209636466110882935e+00 -2.623685741006218564e+01 8.733501352937933504e+00
-7.399999999999997691e-01 -5.336295378257482014e+00 -2.666863536321017847e+01 9.098248611426782873e+00
-7.299999999999999822e-01 -5.467582256773424021e+00 -2.711155003507933614e+01 9.479750699794900370e+00
-7.199999999999997513e-01 -5.603715066385359655e+00 -2.756587125598140631e+01 9.878984718760580819e+00
-7.099999999999999645e-01 -5.744919783541522662e+00 -2.803193224741612966e+01 1.029692426769764069e+01
-6.999999999999997335e-01 -5.891436417945980608e+00 -2.851002278792183731e+01 1.073465070039758551e+01
-6.899999999999999467e-01 -6.043519052608565367e+00 -2.900041109614660328e+01 1.119333721319384622e+01
-6.799999999999997158e-01 -6.201434498211574109e+00 -2.950338247441004924e+01 1.167421308819211134e+01
-6.699999999999999289e-01 -6.365464510575597146e+00 -3.001921404184025377e+01 1.217859429330592924e+01
-6.600000000000001421e-01 -6.535906109930519570e+00 -3.054816287100920391e+01 1.270789394830872787e+01
-6.499999999999999112e-01 -6.713073004493693929e+00 -3.109048853032552273e+01 1.326361339123603322e+01
-6.400000000000001243e-01 -6.897295702391151195e+00 -3.164640721070794172e+01 1.384737659600635418e+01
-6.299999999999998934e-01 -7.088923279476770922e+00 -3.221614599918985533e+01 1.446089971399165641e+01
-6.200000000000001066e-01 -7.288322993616190182e+00 -3.279986542249501724e+01 1.510604608102228852e+01
-6.099999999999998757e-01 -7.495883248562010159e+00 -3.339773221445621232e+01 1.578478857346164865e+01
-6.000000000000000888e-01 -7.712011357986911619e+00 -3.400982966855865897e+01 1.649926363049251066e+01
-5.899999999999998579e-01 -7.937140497245214199e+00 -3.463624058948863649e+01 1.725174762320513722e+01
-5.800000000000000711e-01 -8.171723416407900231e+00 -3.527695186203935407e+01 1.804469326820186836e+01
-5.699999999999998401e-01 -8.416232934517330122e+00 -3.593187101994885069e+01 1.888072009423544628e+01
-5.600000000000000533e-01 -8.671175194700005306e+00 -3.660086898948750900e+01 1.976265444656486636e+01
-5.499999999999998224e-01 -8.937076236975723731e+00 -3.728369452538386497e+01 2.069352012600305457e+01
-5.400000000000000355e-01 -9.214490403192602486e+00 -3.797998001622278963e+01 2.167657942813449878e+01
-5.299999999999998046e-01 -9.503997286477931183e+00 -3.868922800758140568e+01 2.271532665680550167e+01
-5.200000000000000178e-01 -9.806193830953757740e+00 -3.941074666924667014e+01 2.381349308436290357e+01
-5.099999999999997868e-01 -1.012172406081297460e+01 -4.014374564471382456e+01 2.497513659647280448e+01
-5.000000000000000000e-01 -1.045124374144221058e+01 -4.088715882178420458e+01 2.620458178014297346e+01
-4.899999999999997691e-01 -1.079543315565844175e+01 -4.163966930246117926e+01 2.750647038900994445e+01
-4.799999999999999822e-01 -1.115500398391658798e+01 -4.239970771262254345e+01 2.888579972142844454e+01
-4.699999999999997513e-01 -1.153068784890927745e+01 -4.316535618378149763e+01 3.034793155535868081e+01
-4.599999999999999645e-01 -1.192323109552302896e+01 -4.393429752908427588e+01 3.189860143745767118e+01
-4.499999999999997335e-01 -1.233340381689738940e+01 -4.470379830045062164e+01 3.354397992369028714e+01
-4.399999999999999467e-01 -1.276197642536143029e+01 -4.547057316933346272e+01 3.529064603444339099e+01
-4.299999999999997158e-01 -1.320970877635474672e+01 -4.623070696443641481e+01 3.714558600319411141e+01
-4.199999999999999289e-01 -1.367737423350046022e+01 -4.697964088049537423e+01 3.911633339965972311e+01
-4.100000000000001421e-01 -1.416570338443208144e+01 -4.771195627470561362e+01 4.121082458290170081e+01
-3.999999999999999112e-01 -1.467536666743651175e+01 -4.842125832865770718e+01 4.343739065162590407e+01
-3.900000000000001243e-01 -1.520702771022225974e+01 -4.910018736482144419e+01 4.580503714430957274e+01
-3.799999999999998934e-01 -1.576120614455706281e+01 -4.974001391028926378e+01 4.832300175374931683e+01
-3.700000000000001066e-01 -1.633832189466840035e+01 -5.033062540883160096e+01 5.100100329637007235e+01
-3.599999999999998757e-01 -1.693862805761306589e+01 -5.086025703935573006e+01 5.384907772275934690e+01
-3.500000000000000888e-01 -1.756217524255219686e+01 -5.131528876866441635e+01 5.687753511824011099e+01
-3.399999999999998579e-01 -1.820872793943715706e+01 -5.167991108184232729e+01 6.009675465638283498e+01
-3.300000000000000711e-01 -1.887772623218514312e+01 -5.193595615396553455e+01 6.351710211456413901e+01
-3.199999999999998401e-01 -1.956816882642935695e+01 -5.206247457516437294e+01 6.714861044116447886e+01
-3.100000000000000533e-01 -2.027850896482908993e+01 -5.203540904646221321e+01 7.100065824717513863e+01
-2.999999999999998224e-01 -2.100656871563304762e+01 -5.182746249182342524e+01 7.508160400531372147e+01
-2.900000000000000355e-01 -2.174936804457973238e+01 -5.140731576692591887e+01 7.939843988150940390e+01
-2.799999999999998046e-01 -2.250293351796486618e+01 -5.073975552440514747e+01 8.395566452974262006e+01
-2.700000000000000178e-01 -2.326215700320540236e+01 -4.978513039948335006e+01 8.875492073327505693e+01
-2.599999999999997868e-01 -2.402055719860810257e+01 -4.849920138315375340e+01 9.379381804826111591e+01
-2.500000000000000000e-01 -2.477002490321759254e+01 -4.683302272743147654e+01 9.906464513450222853e+01
-2.399999999999997691e-01 -2.550058570301937166e+01 -4.473308574481444566e+01 1.045529821358725542e+02
-2.299999999999999822e-01 -2.620014959415711431e+01 -4.214173422415389325e+01 1.102360423220334837e+02
-2.199999999999997513e-01 -2.685427433982147605e+01 -3.899796102466007852e+01 1.160808068985775918e+02
-2.099999999999999645e-01 -2.744597193004114999e+01 -3.523868947900167115e+01 1.220420352397814412e+02
-1.999999999999997335e-01 -2.795555318685924817e+01 -3.080069761341019330e+01 1.280600072010885810e+02
-1.899999999999999467e-01 -2.836072376575044984e+01 -2.562352592658899297e+01 1.340588981360906189e+02
-1.799999999999997158e-01 -2.863667805070678796e+01 -1.965284305449378621e+01 1.399448049578933535e+02
-1.699999999999999289e-01 -2.875657189655582968e+01 -1.284511350027683640e+01 1.456048584531578456e+02
-1.600000000000001421e-01 -2.869226483051436105e+01 -5.173026482988523078e+00 1.509072298449169978e+02
-1.499999999999999112e-01 -2.841544617544079898e+01 3.368440251479783765e+00 1.557027428621499325e+02
-1.400000000000001243e-01 -2.789913868533137631e+01 1.275555388743289598e+01 1.598282278629411053e+02
-1.299999999999998934e-01 -2.711956096032767860e+01 2.292972483468964029e+01 1.631120828340606295e+02
-1.200000000000001066e-01 -2.605838863844811470e+01 3.379286746321621138e+01 1.653830663112196362e+02
-1.099999999999998757e-01 -2.470497753706559507e+01 4.520474398629367130e+01 1.664803468285174972e+02
-1.000000000000000888e-01 -2.305851825209214567e+01 5.698363549660177085e+01 1.662656349260930710e+02
-8.999999999999985789e-02 -2.112972752319002723e+01 6.891127425832118547e+01 1.646359544456590243e+02
-8.000000000000007105e-02 -1.894171126029493024e+01 8.074194188481105527e+01 1.615350107028413333e+02
-6.999999999999984013e-02 -1.652976267925628306e+01 9.221578975844062143e+01 1.569619192666971799e+02
-6.000000000000005329e-02 -1.393992734036233827e+01 1.030749159960199535e+02 1.509753061831973184e+02
-4.999999999999982236e-02 -1.122649307485381165e+01 1.130802217687000990e+02 1.436921753887783098e+02
-4.000000000000003553e-02 -8.448540233658814458e+00 1.220272936118307854e+02 1.352809821992832724e+02
-2.999999999999980460e-02 -5.666035794799224590e+00 1.297590898427682475e+02 1.259498867687620560e+02
-2.000000000000001776e-02 -2.935997974650435882e+00 1.361737097963823544e+02 1.159317633165539547e+02
-9.999999999999786837e-03 -3.088794380117382832e-01 1.412294241258521765e+02 1.054683701490399130e+02
0.000000000000000000e+00 2.176110308284075590e+00 1.449576331357622223e+02 9.479462874622379331e+01
