# Time[Gyr], x[kpc], y[kpc], z[kpc], vx[km/s], vy[km/s], vz[km/s]
-4.000000000000000000e+00 1.337934188509871802e+01 3.125211844309613980e+02 1.589258914518620145e+02 1.169779202630709491e+01 2.253971315932756880e+01 -4.649024075088873786e+01
-3.990000000000000213e+00 1.349622543023815524e+01 3.127447585045326832e+02 1.584601493941685249e+02 1.167889525580634036e+01 2.217507310873594406e+01 -4.665807440688944752e+01
-3.979999999999999982e+00 1.361291935423125921e+01 3.129646853145512750e+02 1.579927318899601687e+02 1.165986775459838576e+01 2.181025954294326397e+01 -4.682533049512156254e+01
-3.970000000000000195e+00 1.372942234888150637e+01 3.131809630990168785e+02 1.575236446998462725e+02 1.164070935014984975e+01 2.144526709762065053e+01 -4.699201205424179761e+01
-3.959999999999999964e+00 1.384573310405664159e+01 3.133935900419945710e+02 1.570528935549700975e+02 1.162141986057054766e+01 2.108009038873651875e+01 -4.715812208695995622e+01
-3.950000000000000178e+00 1.396185030799296101e+01 3.136025642739106161e+02 1.565804841555848270e+02 1.160199909476229685e+01 2.071472401453641865e+01 -4.732366355937662661e+01
-3.939999999999999947e+00 1.407777264700619924e+01 3.138078838711191452e+02 1.561064221722937759e+02 1.158244685229230519e+01 2.034916255388348461e+01 -4.748863940152809704e+01
-3.930000000000000160e+00 1.419349880534065989e+01 3.140095468556337437e+02 1.556307132466668577e+02 1.156276292332922218e+01 1.998340056544928700e+01 -4.765305250763992007e+01
-3.919999999999999929e+00 1.430902746507847212e+01 3.142075511949281008e+02 1.551533629915828101e+02 1.154294708860568441e+01 1.961743258727516448e+01 -4.781690573624943852e+01
-3.910000000000000142e+00 1.442435730604807276e+01 3.144018948017325670e+02 1.546743769915728990e+02 1.152299911937934418e+01 1.925125313633142454e+01 -4.798020191032146897e+01
-3.899999999999999911e+00 1.453948700573204178e+01 3.145925755338247427e+02 1.541937608031636557e+02 1.150291877739228141e+01 1.888485670807367711e+01 -4.814294381735766137e+01
-3.890000000000000124e+00 1.465441523917413491e+01 3.147795911938163158e+02 1.537115199552211493e+02 1.148270581482888630e+01 1.851823777599703647e+01 -4.830513420949887404e+01
-3.879999999999999893e+00 1.476914067888568383e+01 3.149629395289337026e+02 1.532276599492943205e+02 1.146235997427213604e+01 1.815139079118749521e+01 -4.846677580362126747e+01
-3.870000000000000107e+00 1.488366199474386065e+01 3.151426182307807267e+02 1.527421862599882161e+02 1.144188098865138770e+01 1.778431018182003953e+01 -4.862787128142576165e+01
-3.859999999999999876e+00 1.499797785369487713e+01 3.153186249347174339e+02 1.522551043361074790e+02 1.142126858100291642e+01 1.741699035128985784e+01 -4.878842328952838159e+01
-3.850000000000000089e+00 1.511208692008031562e+01 3.154909572204477399e+02 1.517664195993289127e+02 1.140052246482452603e+01 1.704942568071773579e+01 -4.894843443952036210e+01
-3.839999999999999858e+00 1.522598785544094824e+01 3.156596126115871925e+02 1.512761374449411562e+02 1.137964234393039575e+01 1.668161052779220554e+01 -4.910790730804136928e+01
-3.830000000000000071e+00 1.533967931828053111e+01 3.158245885751496189e+02 1.507842632427398257e+02 1.135862791226701063e+01 1.631353922533507017e+01 -4.926684443684745673e+01
-3.819999999999999840e+00 1.545315996397113878e+01 3.159858825213049727e+02 1.502908023373599917e+02 1.133747885386311971e+01 1.594520608086039815e+01 -4.942524833286717012e+01
-3.810000000000000053e+00 1.556642844465741859e+01 3.161434918031322354e+02 1.497957600486103047e+02 1.131619484277792331e+01 1.557660537612992258e+01 -4.958312146825091560e+01
-3.799999999999999822e+00 1.567948340915999950e+01 3.162974137163666910e+02 1.492991416718072060e+02 1.129477554304753362e+01 1.520773136670448622e+01 -4.974046628041381268e+01
-3.790000000000000036e+00 1.579232350287799136e+01 3.164476454991422543e+02 1.488009524781109860e+02 1.127322060862969799e+01 1.483857828149194447e+01 -4.989728517207183245e+01
-3.779999999999999805e+00 1.590494736769060324e+01 3.165941843317280018e+02 1.483011977148620986e+02 1.125152968334676906e+01 1.446914032229106439e+01 -5.005358051127139163e+01
-3.770000000000000018e+00 1.601735364185783794e+01 3.167370273362602120e+02 1.477998826059191231e+02 1.122970240082694460e+01 1.409941166333192797e+01 -5.020935463141224631e+01
-3.759999999999999787e+00 1.612954095984454028e+01 3.168761715763030793e+02 1.472970123522836445e+02 1.120773838435518321e+01 1.372938645025380566e+01 -5.036460983119907553e+01
-3.750000000000000000e+00 1.624150795232984024e+01 3.170116140568111973e+02 1.467925921320216673e+02 1.118563724694027250e+01 1.335905880045338989e+01 -5.051934837474570372e+01
-3.740000000000000213e+00 1.635325324616447062e+01 3.171433517239746607e+02 1.462866271003793770e+02 1.116339859132021672e+01 1.298842280305130714e+01 -5.067357249162899535e+01
-3.729999999999999982e+00 1.646477546416176807e+01 3.172713814646980950e+02 1.457791223905263678e+02 1.114102200977242241e+01 1.261747251763482680e+01 -5.082728437679448774e+01
-3.719999999999999751e+00 1.657607322499526958e+01 3.173957001063090502e+02 1.452700831138926105e+02 1.111850708404791988e+01 1.224620197379007891e+01 -5.098048619054748798e+01
-3.709999999999999964e+00 1.668714514309539254e+01 3.175163044162610504e+02 1.447595143605066141e+02 1.109585338530379239e+01 1.187460517063011167e+01 -5.113318005853747650e+01
-3.700000000000000178e+00 1.679798982854515543e+01 3.176331911018310734e+02 1.442474211993348376e+02 1.107306047403377214e+01 1.150267607631856848e+01 -5.128536807173585998e+01
-3.689999999999999947e+00 1.690860588697484701e+01 3.177463568098115729e+02 1.437338086786224949e+02 1.105012789999697986e+01 1.113040862758899507e+01 -5.143705228640695282e+01
-3.680000000000000160e+00 1.701899191941616607e+01 3.178557981260984775e+02 1.432186818263761552e+02 1.102705520208618850e+01 1.075779672895910366e+01 -5.158823472397826038e+01
-3.669999999999999929e+00 1.712914652222622180e+01 3.179615115754502881e+02 1.427020456505959487e+02 1.100384190829919007e+01 1.038483425247867231e+01 -5.173891737107239663e+01
-3.660000000000000142e+00 1.723906828708287264e+01 3.180634936214223671e+02 1.421839051392523174e+02 1.098048753581566039e+01 1.001151503802347520e+01 -5.188910217970436634e+01
-3.649999999999999911e+00 1.734875580076896284e+01 3.181617406657715037e+02 1.416642652610101152e+02 1.095699159076058571e+01 9.637832891987173412e+00 -5.203879106697259260e+01
-3.640000000000000124e+00 1.745820764506144940e+01 3.182562490481188320e+02 1.411431309655781092e+02 1.093335356812295345e+01 9.263781586774360477e+00 -5.218798591499494677e+01
-3.629999999999999893e+00 1.756742239662227689e+01 3.183470150456145689e+02 1.406205071840502114e+02 1.090957295167651253e+01 8.889354860309111928e+00 -5.233668857084461479e+01
-3.620000000000000107e+00 1.767639862688802310e+01 3.184340348725966123e+02 1.400963988292483009e+02 1.088564921389847839e+01 8.514546415538319479e+00 -5.248490084647874454e+01
-3.609999999999999876e+00 1.778513490195849300e+01 3.185173046802431713e+02 1.395708107960672351e+02 1.086158181588613658e+01 8.139349919929127708e+00 -5.263262451866011560e+01
-3.600000000000000089e+00 1.789362978245710423e+01 3.185968205561426885e+02 1.390437479619103556e+02 1.083737020722425015e+01 7.763759004747640802e+00 -5.277986132877487790e+01
-3.589999999999999858e+00 1.800188182340014009e+01 3.186725785238866706e+02 1.385152151870937871e+02 1.081301382586771709e+01 7.387767264410594947e+00 -5.292661298267906034e+01
-3.580000000000000071e+00 1.810988957424294910e+01 3.187445745431641058e+02 1.379852173146676080e+02 1.078851209833367442e+01 7.011368257240359725e+00 -5.307288115117663096e+01
-3.569999999999999840e+00 1.821765157864243889e+01 3.188128045090446676e+02 1.374537591711672064e+02 1.076386443939740190e+01 6.634555503979356672e+00 -5.321866746947728188e+01
-3.560000000000000053e+00 1.832516637433101181e+01 3.188772642515765483e+02 1.369208455669967179e+02 1.073907025198310450e+01 6.257322487189764360e+00 -5.336397353705086033e+01
-3.549999999999999822e+00 1.843243249300054032e+01 3.189379495354107235e+02 1.363864812967775606e+02 1.071412892707203390e+01 5.879662650735472340e+00 -5.350880091751475476e+01
-3.540000000000000036e+00 1.853944846018493564e+01 3.189948560594187938e+02 1.358506711396992728e+02 1.068903984360827586e+01 5.501569399257267179e+00 -5.365315113851355733e+01
-3.529999999999999805e+00 1.864621279514153684e+01 3.190479794563041196e+02 1.353134198598730222e+02 1.066380236840214124e+01 5.123036097640937925e+00 -5.379702569159103120e+01
-3.520000000000000018e+00 1.875272401070773753e+01 3.190973152921356473e+02 1.347747322067598645e+02 1.063841585599507589e+01 4.744056070340157305e+00 -5.394042603196187002e+01
-3.509999999999999787e+00 1.885898061309439555e+01 3.191428590656825008e+02 1.342346129157946848e+02 1.061287964842581388e+01 4.364622600322718426e+00 -5.408335357802899779e+01
-3.500000000000000000e+00 1.896498110206052701e+01 3.191846062089250040e+02 1.336930667078206625e+02 1.058719307558832412e+01 3.984728930288028437e+00 -5.422580971241487902e+01
-3.490000000000000213e+00 1.907072397061534019e+01 3.192225520861030645e+02 1.331500982899941334e+02 1.056135545485546068e+01 3.604368261071371649e+00 -5.436779578111066513e+01
-3.479999999999999982e+00 1.917620770485608972e+01 3.192566919931824145e+02 1.326057123562650872e+02 1.053536609091339216e+01 3.223533750858521785e+00 -5.450931309316339224e+01
-3.469999999999999751e+00 1.928143078384520948e+01 3.192870211574393124e+02 1.320599135877334334e+02 1.050922427565651951e+01 2.842218514634438975e+00 -5.465036292051662059e+01
-3.459999999999999964e+00 1.938639167948583975e+01 3.193135347370384807e+02 1.315127066530085358e+02 1.048292928807958901e+01 2.460415623623369186e+00 -5.479094649784227755e+01
-3.450000000000000178e+00 1.949108885639578403e+01 3.193362278206034830e+02 1.309640962085718741e+02 1.045648039416701991e+01 2.078118104720374504e+00 -5.493106502236373956e+01
-3.439999999999999947e+00 1.959552077175766982e+01 3.193550954266962094e+02 1.304140868992014077e+02 1.042987684673391335e+01 1.695318939768171163e+00 -5.507071965353264176e+01
-3.429999999999999716e+00 1.969968587490112810e+01 3.193701325022872766e+02 1.298626833590953140e+02 1.040311788471698407e+01 1.312011063067359373e+00 -5.520991151104308159e+01
-3.419999999999999929e+00 1.980358260788867142e+01 3.193813339250023660e+02 1.293098902103708383e+02 1.037620273452773034e+01 9.281873655115688848e-01 -5.534864167907707611e+01
-3.410000000000000142e+00 1.990720940509266512e+01 3.193886945015698302e+02 1.287557120642000257e+02 1.034913060933357798e+01 5.438406920670004752e-01 -5.548691120428863144e+01
-3.399999999999999911e+00 2.001056469288925399e+01 3.193922089667079263e+02 1.282001535216387538e+02 1.032190070857979869e+01 1.589638400260611206e-01 -5.562472109451508118e+01
-3.390000000000000124e+00 2.011364688953203483e+01 3.193918719826871779e+02 1.276432191739849173e+02 1.029451221788120918e+01 -2.264504415509662749e-01 -5.576207231860536950e+01
-3.379999999999999893e+00 2.021645440502350510e+01 3.193876781388829613e+02 1.270849136031414446e+02 1.026696430890959633e+01 -6.124094524074550350e-01 -5.589896580623531008e+01
-3.370000000000000107e+00 2.031898564098423066e+01 3.193796219513182564e+02 1.265252413819847703e+02 1.023925613927699274e+01 -9.989205416748134780e-01 -5.603540244770967149e+01
-3.359999999999999876e+00 2.042123899051185987e+01 3.193676978621667786e+02 1.259642070747578515e+02 1.021138685240022426e+01 -1.385991108515050030e+00 -5.617138309370648130e+01
-3.350000000000000089e+00 2.052321283727449952e+01 3.193519002363055961e+02 1.254018152394146739e+02 1.018335557594992480e+01 -1.773628607145226965e+00 -5.630690855062148614e+01
-3.339999999999999858e+00 2.062490555688195570e+01 3.193322233666405054e+02 1.248380704241572516e+02 1.015516142451083326e+01 -2.161840538825515523e+00 -5.644197958900174683e+01
-3.330000000000000071e+00 2.072631551660083460e+01 3.193086614730516430e+02 1.242729771681938757e+02 1.012680349918025335e+01 -2.550634453325479001e+00 -5.657659694246275706e+01
-3.319999999999999840e+00 2.082744107447281579e+01 3.192812086990388138e+02 1.237065400040173415e+02 1.009828088606307972e+01 -2.940017953806481898e+00 -5.671076130317631225e+01
-3.310000000000000053e+00 2.092828057919508211e+01 3.192498591113024986e+02 1.231387634577401968e+02 1.006959265617598653e+01 -3.329998697341643776e+00 -5.684447332173801470e+01
-3.299999999999999822e+00 2.102883236999676342e+01 3.192146066993071827e+02 1.225696520494391422e+02 1.004073786534405599e+01 -3.720584395459518134e+00 -5.697773360701140177e+01
-3.290000000000000036e+00 2.112909477651115964e+01 3.191754453748281435e+02 1.219992102935096341e+02 1.001171555408983949e+01 -4.111782814711013145e+00 -5.711054272594851966e+01
-3.280000000000000249e+00 2.122906611864393511e+01 3.191323689714821512e+02 1.214274426990297115e+02 9.982524747514840868e+00 -4.503601777260058725e+00 -5.724290120338708476e+01
-3.270000000000000018e+00 2.132874470662818567e+01 3.190853712450917783e+02 1.208543537697331374e+02 9.953164455502008678e+00 -4.896049160443268988e+00 -5.737480952281793378e+01
-3.259999999999999787e+00 2.142812884062174561e+01 3.190344458720107923e+02 1.202799480049441456e+02 9.923633672130147687e+00 -5.289132898857637599e+00 -5.750626812476816241e+01
-3.250000000000000000e+00 2.152721681033644074e+01 3.189795864475932490e+02 1.197042299004461938e+02 9.893931375142589246e+00 -5.682860986273439607e+00 -5.763727740534805122e+01
-3.240000000000000213e+00 2.162600689523823405e+01 3.189207864872099094e+02 1.191272039481537206e+02 9.864056526397817493e+00 -6.077241474395385978e+00 -5.776783771776717202e+01
-3.229999999999999982e+00 2.172449736438824885e+01 3.188580394256647423e+02 1.185488746365388408e+02 9.834008071701717313e+00 -6.472282473607101849e+00 -5.789794937197964231e+01
-3.219999999999999751e+00 2.182268647627879687e+01 3.187913386165906786e+02 1.179692464510694236e+02 9.803784940630531963e+00 -6.867992153744744144e+00 -5.802761263430077321e+01
-3.209999999999999964e+00 2.192057247866586067e+01 3.187206773318307000e+02 1.173883238746559385e+02 9.773386046347273037e+00 -7.264378744890862549e+00 -5.815682772700318992e+01
-3.200000000000000178e+00 2.201815360839807312e+01 3.186460487608055701e+02 1.168061113881064159e+02 9.742810285411568572e+00 -7.661450538188525172e+00 -5.828559482789265189e+01
-3.189999999999999947e+00 2.211542809146162369e+01 3.185674460107653090e+02 1.162226134700710105e+02 9.712056537988855709e+00 -8.059215885413749447e+00 -5.841391407112112688e+01
-3.179999999999999716e+00 2.221239414270877433e+01 3.184848621057460605e+02 1.156378345977350079e+02 9.681123667474397010e+00 -8.457683200367036136e+00 -5.854178554618643204e+01
-3.169999999999999929e+00 2.230904996491048564e+01 3.183982899827558981e+02 1.150517792491121440e+02 9.650010518866416476e+00 -8.856860964153327131e+00 -5.866920929305610599e+01
-3.160000000000000142e+00 2.240539374927151073e+01 3.183077224939548842e+02 1.144644519018764584e+02 9.618715919845097773e+00 -9.256757722050167558e+00 -5.879618530567529433e+01
-3.149999999999999911e+00 2.250142367525766929e+01 3.182131524060162064e+02 1.138758570338223421e+02 9.587238680578945349e+00 -9.657382084331956662e+00 -5.892271353153111590e+01
-3.140000000000000124e+00 2.259713791039062158e+01 3.181145723993545857e+02 1.132859991234016803e+02 9.555577593470998110e+00 -1.005874272728100038e+01 -5.904879387103068922e+01
-3.129999999999999893e+00 2.269253461054729115e+01 3.180119750693780816e+02 1.126948826490335591e+02 9.523731433852240968e+00 -1.046084839128160837e+01 -5.917442617983428477e+01
-3.120000000000000107e+00 2.278761191880776948e+01 3.179053529219200982e+02 1.121025120919443765e+02 9.491698957950312376e+00 -1.086370788730522463e+01 -5.929961026268766489e+01
-3.109999999999999876e+00 2.288236796557607988e+01 3.177946983737747360e+02 1.115088919359120467e+02 9.459478903247500625e+00 -1.126733009603755420e+01 -5.942434587470881979e+01
-3.100000000000000089e+00 2.297680086848902903e+01 3.176800037523826745e+02 1.109140266675258033e+02 9.427069988441186155e+00 -1.167172396822974889e+01 -5.954863272143425945e+01
-3.089999999999999858e+00 2.307090873236840878e+01 3.175612612956904286e+02 1.103179207763402303e+02 9.394470913485401198e+00 -1.207689852480002912e+01 -5.967247045911854286e+01
-3.080000000000000071e+00 2.316468964900872862e+01 3.174384631513507884e+02 1.097205787554295995e+02 9.361680359323898415e+00 -1.248286285788517347e+01 -5.979585869407111431e+01
-3.069999999999999840e+00 2.325814169715349777e+01 3.173116013766501169e+02 1.091220051014621504e+02 9.328696987961219378e+00 -1.288962613087721820e+01 -5.991879698306716051e+01
-3.060000000000000053e+00 2.335126294229748112e+01 3.171806679377643263e+02 1.085222043152176070e+02 9.295519442221634066e+00 -1.329719757939717084e+01 -6.004128483276655714e+01
-3.049999999999999822e+00 2.344405143551479398e+01 3.170456547052578458e+02 1.079211809045835366e+02 9.262146343760946365e+00 -1.370558651751554180e+01 -6.016332169358324222e+01
-3.040000000000000036e+00 2.353650521407528373e+01 3.169065534564804238e+02 1.073189393830006111e+02 9.228576294285705472e+00 -1.411480233434102871e+01 -6.028490696374301905e+01
-3.030000000000000249e+00 2.362862230127556984e+01 3.167633558749333247e+02 1.067154842699069235e+02 9.194807875363727234e+00 -1.452485449483960167e+01 -6.040603998886656001e+01
-3.020000000000000018e+00 2.372040070620884933e+01 3.166160535494009878e+02 1.061108200913375867e+02 9.160839648124936119e+00 -1.493575254098281846e+01 -6.052672006120405968e+01
-3.009999999999999787e+00 2.381183842380796989e+01 3.164646379741185456e+02 1.055049513798166601e+02 9.126670153463297908e+00 -1.534750609133121202e+01 -6.064694642041707340e+01
-3.000000000000000000e+00 2.390293343475643439e+01 3.163091005484388916e+02 1.048978826745907611e+02 9.092297911996713111e+00 -1.576012484137368119e+01 -6.076671825361297152e+01
-2.990000000000000213e+00 2.399368370357352376e+01 3.161494325695717862e+02 1.042896185265953761e+02 9.057721420677729895e+00 -1.617361857432629790e+01 -6.088603468503808358e+01
-2.979999999999999982e+00 2.408408717974558755e+01 3.159856252368799687e+02 1.036801634955261306e+02 9.022939154991481914e+00 -1.658799715448219558e+01 -6.100489478302264246e+01
-2.969999999999999751e+00 2.417414179759511939e+01 3.158176696513878596e+02 1.030695221501813279e+02 8.987949568838654812e+00 -1.700327052779112336e+01 -6.112329755977776102e+01
-2.959999999999999964e+00 2.426384547602113884e+01 3.156455568147996473e+02 1.024576990691382434e+02 8.952751094182175962e+00 -1.741944872317695570e+01 -6.124124197046285190e+01
-2.950000000000000178e+00 2.435319611917229565e+01 3.154692776320128473e+02 1.018446988389778483e+02 8.917342142089747625e+00 -1.783654184911266327e+01 -6.135872691627957209e+01
-2.939999999999999947e+00 2.444219161716298316e+01 3.152888229137910798e+02 1.012305260523970674e+02 8.881721103840657605e+00 -1.825456008997693402e+01 -6.147575124775107724e+01
-2.929999999999999716e+00 2.453082983886982049e+01 3.151041833497786229e+02 1.006151853271329486e+02 8.845886340182012475e+00 -1.867351374267385467e+01 -6.159231373381670238e+01
-2.919999999999999929e+00 2.461910863694308205e+01 3.149153495272600480e+02 9.999868129278667084e+01 8.809836188862917083e+00 -1.909341319115213054e+01 -6.170841308365193356e+01
-2.910000000000000142e+00 2.470702584806081603e+01 3.147223119321034233e+02 9.938101859014983575e+01 8.773568965049964419e+00 -1.951426890511053358e+01 -6.182404794795355230e+01
-2.899999999999999911e+00 2.479457929255361393e+01 3.145250609473468444e+02 9.876220187218422097e+01 8.737082960801110687e+00 -1.993609144190246951e+01 -6.193921691750854563e+01
-2.889999999999999680e+00 2.488176677377465040e+01 3.143235868508126032e+02 9.814223580565776217e+01 8.700376444240355056e+00 -2.035889144967995890e+01 -6.205391852106463801e+01
-2.879999999999999893e+00 2.496858607729348023e+01 3.141178798120479314e+02 9.752112507323377599e+01 8.663447658525580408e+00 -2.078267967139435513e+01 -6.216815122271827931e+01
-2.870000000000000107e+00 2.505503497280985670e+01 3.139079298996503553e+02 9.689887436855804026e+01 8.626294824009903550e+00 -2.120746693556865381e+01 -6.228191342675557962e+01
-2.859999999999999876e+00 2.514111121214356359e+01 3.136937270736125356e+02 9.627548840144773123e+01 8.588916135795951590e+00 -2.163326416615350922e+01 -6.239520347174123316e+01
-2.849999999999999645e+00 2.522681252865219648e+01 3.134752611831184481e+02 9.565097189940433964e+01 8.551309762966589290e+00 -2.206008238543923738e+01 -6.250801962851986104e+01
-2.839999999999999858e+00 2.531213663689248961e+01 3.132525219652691817e+02 9.502532960849941901e+01 8.513473848101693164e+00 -2.248793271578258413e+01 -6.262036009888504395e+01
-2.830000000000000071e+00 2.539708123198375489e+01 3.130254990426861923e+02 9.439856629503780994e+01 8.475406506375740889e+00 -2.291682638285405460e+01 -6.273222301311025006e+01
-2.820000000000000284e+00 2.548164398852660639e+01 3.127941819194376194e+02 9.377068674838176321e+01 8.437105824029799805e+00 -2.334677472115402708e+01 -6.284360642578110401e+01
-2.810000000000000053e+00 2.556582256372412587e+01 3.125585599928051579e+02 9.314169577280540580e+01 8.398569862761057436e+00 -2.377778915808656279e+01 -6.295450832770887928e+01
-2.799999999999999822e+00 2.564961459453359538e+01 3.123186225425521911e+02 9.251159819493273062e+01 8.359796655700947099e+00 -2.420988122849073676e+01 -6.306492663496983653e+01
-2.790000000000000036e+00 2.573301769881283008e+01 3.120743587352312716e+02 9.188039886073519824e+01 8.320784209064433057e+00 -2.464306256879691404e+01 -6.317485919348515466e+01
-2.780000000000000249e+00 2.581602947406819482e+01 3.118257576194777130e+02 9.124810263880905836e+01 8.281530500354589819e+00 -2.507734492341174359e+01 -6.328430377405253182e+01
-2.770000000000000018e+00 2.589864749723729176e+01 3.115728081251888284e+02 9.061471442094142503e+01 8.242033478060125873e+00 -2.551274014582418204e+01 -6.339325807153158365e+01
-2.759999999999999787e+00 2.598086932518071279e+01 3.113154990653706022e+02 8.998023912082140896e+01 8.202291062366224850e+00 -2.594926019609546586e+01 -6.350171970682418277e+01
-2.750000000000000000e+00 2.606269249296572355e+01 3.110538191296976720e+02 8.934468167854187470e+01 8.162301142664199816e+00 -2.638691714962093471e+01 -6.360968621991305838e+01
-2.740000000000000213e+00 2.614411451532782493e+01 3.107877568899868947e+02 8.870804705675813295e+01 8.122061579695419198e+00 -2.682572318966280278e+01 -6.371715507591089533e+01
-2.729999999999999982e+00 2.622513288472397974e+01 3.105173007929042228e+02 8.807034024580224241e+01 8.081570202690254945e+00 -2.726569061729713894e+01 -6.382412365697463486e+01
-2.719999999999999751e+00 2.630574507211356661e+01 3.102424391628960620e+02 8.743156626163589351e+01 8.040824810531827183e+00 -2.770683184742053129e+01 -6.393058926563324462e+01
-2.709999999999999964e+00 2.638594852646197353e+01 3.099631602003255466e+02 8.679173014715142642e+01 7.999823171018658030e+00 -2.814915941129079613e+01 -6.403654912268700627e+01
-2.700000000000000178e+00 2.646574067377778761e+01 3.096794519778607082e+02 8.615083697469734147e+01 7.958563019437985275e+00 -2.859268596144727326e+01 -6.414200036314613840e+01
-2.689999999999999947e+00 2.654511891746022201e+01 3.093913024417977908e+02 8.550889184518180741e+01 7.917042059149564714e+00 -2.903742427014410055e+01 -6.424694003822334309e+01
-2.679999999999999716e+00 2.662408063779774636e+01 3.090986994101901359e+02 8.486589988939539353e+01 7.875257961030978748e+00 -2.948338723270185113e+01 -6.435136511481977095e+01
-2.669999999999999929e+00 2.670262319165642140e+01 3.088016305711325913e+02 8.422186626842361079e+01 7.833208364800961832e+00 -2.993058787775385809e+01 -6.445527249025583671e+01
-2.660000000000000142e+00 2.678074391217129957e+01 3.085000834833576846e+02 8.357679617575553266e+01 7.790890864390422443e+00 -3.037903930675831532e+01 -6.455865886849890956e+01
-2.649999999999999911e+00 2.685844010789136505e+01 3.081940455708639774e+02 8.293069483792368146e+01 7.748303059771960655e+00 -3.082875491922029454e+01 -6.466152120676362358e+01
-2.639999999999999680e+00 2.693570906353368599e+01 3.078835041224466522e+02 8.228356751008504943e+01 7.705442557002066373e+00 -3.127974841479042567e+01 -6.476385671728965576e+01
-2.629999999999999893e+00 2.701254804038332225e+01 3.075684462910685966e+02 8.163541947339655280e+01 7.662306939485089785e+00 -3.173203368447612149e+01 -6.486566263163445001e+01
-2.620000000000000107e+00 2.708895427528975119e+01 3.072488590896855385e+02 8.098625603734322453e+01 7.618893754419425512e+00 -3.218562477678934641e+01 -6.496693610242598993e+01
-2.609999999999999876e+00 2.716492498029537117e+01 3.069247293896524411e+02 8.033608254056497344e+01 7.575200511735705078e+00 -3.264053589858503557e+01 -6.506767419824961962e+01
-2.599999999999999645e+00 2.724045734228217697e+01 3.065960439192063518e+02 7.968490435164140706e+01 7.531224683520080454e+00 -3.309678141734991641e+01 -6.516787390222827980e+01
-2.589999999999999858e+00 2.731554852260933330e+01 3.062627892619140084e+02 7.903272686990007401e+01 7.486963703417622185e+00 -3.355437586355987634e+01 -6.526753211054574422e+01
-2.580000000000000071e+00 2.739019565674188428e+01 3.059249518550865332e+02 7.837955552624784161e+01 7.442414966015827638e+00 -3.401333393310602560e+01 -6.536664563091363789e+01
-2.570000000000000284e+00 2.746439585342070799e+01 3.055825179866498047e+02 7.772539578533630333e+01 7.397575824987470128e+00 -3.447367049361439229e+01 -6.546521117722242877e+01
-2.560000000000000053e+00 2.753814619487856064e+01 3.052354737955230917e+02 7.707025314467597354e+01 7.352443594077156419e+00 -3.493540058186113129e+01 -6.556322537295358188e+01
-2.549999999999999822e+00 2.761144373703374555e+01 3.048838052719182770e+02 7.641413313381251271e+01 7.307015548031690066e+00 -3.539853940136983113e+01 -6.566068475442288843e+01
-2.540000000000000036e+00 2.768428550820301126e+01 3.045274982526645999e+02 7.575704131781571959e+01 7.261288919515524576e+00 -3.586310233259628433e+01 -6.575758576166629155e+01
-2.530000000000000249e+00 2.775666850870306490e+01 3.041665384195122783e+02 7.509898329817565354e+01 7.215260898442681814e+00 -3.632910493554700082e+01 -6.585392473677077874e+01
-2.520000000000000018e+00 2.782858971044707275e+01 3.038009112974157802e+02 7.443996471371087864e+01 7.168928631299428034e+00 -3.679656295243316322e+01 -6.594969792218132909e+01
-2.509999999999999787e+00 2.790004605653043157e+01 3.034306022527772484e+02 7.377999124150508692e+01 7.122289220442249658e+00 -3.726549231040799270e+01 -6.604490145893653619e+01
-2.500000000000000000e+00 2.797103446079065492e+01 3.030555964915982941e+02 7.311906859791544377e+01 7.075339723326917074e+00 -3.773590912452414159e+01 -6.613953138469479143e+01
-2.490000000000000213e+00 2.804155180665513569e+01 3.026758790552069627e+02 7.245720254163154550e+01 7.028077149661005052e+00 -3.820782970709551307e+01 -6.623358362529110366e+01
-2.479999999999999982e+00 2.811159494820969584e+01 3.022914348235325974e+02 7.179439887033032619e+01 6.980498465059115532e+00 -3.868127055703428141e+01 -6.632705400657597750e+01
-2.469999999999999751e+00 2.818116070941177043e+01 3.019022485120681836e+02 7.113066342267651976e+01 6.932600589277765124e+00 -3.915624836589331892e+01 -6.641993824935826751e+01
-2.459999999999999964e+00 2.825024588301543815e+01 3.015083046678506093e+02 7.046600208115117425e+01 6.884380393614095262e+00 -3.963278002649231979e+01 -6.651223196174632335e+01
-2.450000000000000178e+00 2.831884723011926042e+01 3.011095876675543082e+02 6.980042077308229409e+01 6.835834700133053943e+00 -4.011088263591854286e+01 -6.660393063719614304e+01
-2.439999999999999947e+00 2.838696147970133765e+01 3.007060817155382892e+02 6.913392547170997204e+01 6.786960280863846506e+00 -4.059057349862963804e+01 -6.669502965246920212e+01
-2.429999999999999716e+00 2.845458532814162211e+01 3.002977708418467273e+02 6.846652219728591149e+01 6.737753856965682075e+00 -4.107187012965866302e+01 -6.678552426550020016e+01
-2.419999999999999929e+00 2.852171543860628944e+01 2.998846388997540657e+02 6.779821701858065808e+01 6.688212097484518281e+00 -4.155479025876956456e+01 -6.687540961176030407e+01
-2.410000000000000142e+00 2.858834843980718787e+01 2.994666695612701233e+02 6.712901605625438606e+01 6.638331616227941545e+00 -4.203935183886612492e+01 -6.696468069360959419e+01
-2.399999999999999911e+00 2.865448092771520905e+01 2.990438463222625955e+02 6.645892547739907741e+01 6.588108977580290571e+00 -4.252557303438537417e+01 -6.705333240309762743e+01
-2.389999999999999680e+00 2.872010946384166985e+01 2.986161524963939655e+02 6.578795150032964045e+01 6.537540691948011684e+00 -4.301347223297884170e+01 -6.714135950602063474e+01
-2.379999999999999893e+00 2.878523057433793397e+01 2.981835712117181174e+02 6.511610039692662610e+01 6.486623213686850242e+00 -4.350306805166125912e+01 -6.722875663528201073e+01
-2.370000000000000107e+00 2.884984074947298893e+01 2.977460854085042001e+02 6.444337849384592687e+01 6.435352940180269599e+00 -4.399437934041121423e+01 -6.731551828858130193e+01
-2.359999999999999876e+00 2.891393644309582811e+01 2.973036778370044431e+02 6.376979217377030551e+01 6.383726210879509644e+00 -4.448742518589082096e+01 -6.740163882598420741e+01
-2.349999999999999645e+00 2.897751407208238206e+01 2.968563310551678001e+02 6.309534787670300915e+01 6.331739306305221859e+00 -4.498222491528493094e+01 -6.748711246737374836e+01
-2.339999999999999858e+00 2.904057001566444285e+01 2.964040274259672287e+02 6.242005210161330808e+01 6.279388446678695779e+00 -4.547879810080046781e+01 -6.757193328839019841e+01
-2.330000000000000071e+00 2.910310061477684940e+01 2.959467491147800047e+02 6.174391140802253375e+01 6.226669790623268419e+00 -4.597716456410817898e+01 -6.765609521670752713e+01
-2.320000000000000284e+00 2.916510217209264155e+01 2.954844780889748677e+02 6.106693241550937046e+01 6.173579436099565498e+00 -4.647734437720362877e+01 -6.773959203771838133e+01
-2.310000000000000053e+00 2.922657095092557711e+01 2.950171961138512415e+02 6.038912180662924811e+01 6.120113417692697233e+00 -4.697935786926568369e+01 -6.782241738496469452e+01
-2.299999999999999822e+00 2.928750317456487906e+01 2.945448847499611702e+02 5.971048632852525628e+01 6.066267705306644054e+00 -4.748322563128029827e+01 -6.790456473651072145e+01
-2.290000000000000036e+00 2.934789502562784236e+01 2.940675253504890634e+02 5.903103279448357199e+01 6.012038202933466025e+00 -4.798896852066545193e+01 -6.798602741172101105e+01
-2.280000000000000249e+00 2.940774264525199300e+01 2.935850990581570272e+02 5.835076808600521758e+01 5.957420746980272241e+00 -4.849660766742621831e+01 -6.806679856678351825e+01
-2.270000000000000018e+00 2.946704213287520346e+01 2.930975868038105432e+02 5.766969915294712479e+01 5.902411106234410454e+00 -4.900616447454651592e+01 -6.814687119481010313e+01
-2.259999999999999787e+00 2.952578954531271904e+01 2.926049693029710852e+02 5.698783301595357642e+01 5.847004979878109410e+00 -4.951766062519853762e+01 -6.822623812045415548e+01
-2.250000000000000000e+00 2.958398089595264580e+01 2.921072270527169508e+02 5.630517676849210318e+01 5.791197995836073531e+00 -5.003111808876478506e+01 -6.830489199544643952e+01
-2.240000000000000213e+00 2.964161215405918526e+01 2.916043403288638274e+02 5.562173757852824707e+01 5.734985709426682732e+00 -5.054655912577545962e+01 -6.838282529496729012e+01
-2.229999999999999982e+00 2.969867924392166714e+01 2.910962891826192163e+02 5.493752269064456328e+01 5.678363601557448348e+00 -5.106400629498067190e+01 -6.846003031313844645e+01
-2.219999999999999751e+00 2.975517804435006397e+01 2.905830534384117527e+02 5.425253942715822575e+01 5.621327077970105890e+00 -5.158348245522429920e+01 -6.853649916033337774e+01
-2.209999999999999964e+00 2.981110438804381246e+01 2.900646126912885734e+02 5.356679518960259401e+01 5.563871468113067209e+00 -5.210501076904802176e+01 -6.861222375975653165e+01
-2.200000000000000178e+00 2.986645406052766560e+01 2.895409463028410073e+02 5.288029746145758025e+01 5.505992022720016976e+00 -5.262861471251228807e+01 -6.868719584164000480e+01
-2.189999999999999947e+00 2.992122279938180185e+01 2.890120333981280396e+02 5.219305381002934752e+01 5.447683912281251040e+00 -5.315431808058354335e+01 -6.876140693897751532e+01
-2.179999999999999716e+00 2.997540629335557938e+01 2.884778528622267117e+02 5.150507188868247965e+01 5.388942225187692614e+00 -5.368214499327365274e+01 -6.883484838204800838e+01
-2.169999999999999929e+00 3.002900018146796057e+01 2.879383833367336365e+02 5.081635943910795561e+01 5.329761965841605331e+00 -5.421211990191631003e+01 -6.890751129286083199e+01
-2.160000000000000142e+00 3.008200005292699686e+01 2.873936032188348690e+02 5.012692429106971304e+01 5.270138055113211095e+00 -5.474426759048757418e+01 -6.897938658859720817e+01
-2.149999999999999911e+00 3.013440144563876899e+01 2.868434906559336355e+02 4.943677436647914192e+01 5.210065326770816796e+00 -5.527861318561099324e+01 -6.905046496974262027e+01
-2.139999999999999680e+00 3.018619984529237854e+01 2.862880235420827830e+02 4.874591768169504746e+01 5.149538525562080693e+00 -5.581518216309379454e+01 -6.912073691456542690e+01
-2.129999999999999893e+00 3.023739068446354494e+01 2.857271795144654334e+02 4.805436234975869070e+01 5.088552305335216630e+00 -5.635400035452939704e+01 -6.919019267386002525e+01
-2.120000000000000107e+00 3.028796934095288051e+01 2.851609359474063581e+02 4.736211658493341758e+01 5.027101224594440865e+00 -5.689509396124545049e+01 -6.925882225727463037e+01
-2.109999999999999876e+00 3.033793113889352711e+01 2.845892699552953218e+02 4.666918869888932875e+01 4.965179751422166277e+00 -5.743848954151478381e+01 -6.932661545041960949e+01
-2.099999999999999645e+00 3.038727134689093390e+01 2.840121583859494763e+02 4.597558710583377461e+01 4.902782258400781856e+00 -5.798421402634743060e+01 -6.939356179913905009e+01
-2.089999999999999858e+00 3.043598517645145307e+01 2.834295778149001421e+02 4.528132032676709429e+01 4.839903018527419221e+00 -5.853229473246350523e+01 -6.945965059705675060e+01
-2.080000000000000071e+00 3.048406778108303428e+01 2.828415045418390150e+02 4.458639699170782933e+01 4.776536203415659543e+00 -5.908275936875094203e+01 -6.952487088064714271e+01
-2.070000000000000284e+00 3.053151425391501306e+01 2.822479145822877058e+02 4.389082584637809958e+01 4.712675877072296515e+00 -5.963563605559139091e+01 -6.958921140993986398e+01
-2.060000000000000053e+00 3.057831962878707444e+01 2.816487836704394567e+02 4.319461574842852514e+01 4.648316000053180019e+00 -6.019095331404254523e+01 -6.965266068295103707e+01
-2.049999999999999822e+00 3.062447888155440623e+01 2.810440872626929263e+02 4.249777566300807763e+01 4.583450434269540352e+00 -6.074874005314241288e+01 -6.971520695223645703e+01
-2.040000000000000036e+00 3.066998692518453851e+01 2.804338005211778295e+02 4.180031467704242232e+01 4.518072929231758295e+00 -6.130902561115726712e+01 -6.977683818115106362e+01
-2.030000000000000249e+00 3.071483860887132522e+01 2.798178983102189363e+02 4.110224200140061157e+01 4.452177120310754077e+00 -6.187183976192543611e+01 -6.983754203915778191e+01
-2.020000000000000018e+00 3.075902871727841159e+01 2.791963551932460064e+02 4.040356697269303510e+01 4.385756527331432508e+00 -6.243721272015497448e+01 -6.989730589815455630e+01
-2.009999999999999787e+00 3.080255196984108323e+01 2.785691454299178531e+02 3.970429905491275946e+01 4.318804553290460646e+00 -6.300517514628648996e+01 -6.995611682915030372e+01
-2.000000000000000000e+00 3.084540301833321507e+01 2.779362429672376607e+02 3.900444784599554993e+01 4.251314478610787262e+00 -6.357575816547003456e+01 -7.001396158529652780e+01
-1.989999999999999769e+00 3.088757644686788950e+01 2.772976214391250096e+02 3.830402307750064494e+01 4.183279461596937310e+00 -6.414899336683699005e+01 -7.007082660380291372e+01
-1.979999999999999982e+00 3.092906677085256817e+01 2.766532541623726047e+02 3.760303461725939655e+01 4.114692536190798222e+00 -6.472491281129229890e+01 -7.012669799958838723e+01
-1.969999999999999751e+00 3.096986843572851811e+01 2.760031141318601158e+02 3.690149247263906318e+01 4.045546609161130291e+00 -6.530354904107890945e+01 -7.018156155718710920e+01
-1.959999999999999964e+00 3.100997581690390703e+01 2.753471740197141457e+02 3.619940679028307073e+01 3.975834460787995184e+00 -6.588493507894526147e+01 -7.023540273382708676e+01
-1.950000000000000178e+00 3.104938321526569567e+01 2.746854061598626231e+02 3.549678786890983417e+01 3.905548732588558281e+00 -6.646910446583677867e+01 -7.028820662106305406e+01
-1.939999999999999947e+00 3.108808485682117606e+01 2.740177825462351962e+02 3.479364615991655540e+01 3.834681927141343039e+00 -6.705609126261026631e+01 -7.033995794509621646e+01
-1.930000000000000160e+00 3.112607489265950633e+01 2.733442748320095461e+02 3.408999226702994889e+01 3.763226408865779860e+00 -6.764593004894015849e+01 -7.039064107017330230e+01
-1.919999999999999929e+00 3.116334739795189535e+01 2.726648543256646349e+02 3.338583694878345653e+01 3.691174402012800115e+00 -6.823865593057001888e+01 -7.044023999310600459e+01
-1.910000000000000142e+00 3.119989636838505831e+01 2.719794919786643845e+02 3.268119112865687725e+01 3.618517980952809410e+00 -6.883430456912961404e+01 -7.048873831290553937e+01
-1.899999999999999911e+00 3.123571571855702800e+01 2.712881583795399365e+02 3.197606589935772803e+01 3.545249066352482714e+00 -6.943291219470029318e+01 -7.053611921944235519e+01
-1.890000000000000124e+00 3.127079928218152816e+01 2.705908237538696994e+02 3.127047252170379465e+01 3.471359426779667245e+00 -7.003451560247710006e+01 -7.058236549964198048e+01
-1.879999999999999893e+00 3.130514081130071347e+01 2.698874579609816919e+02 3.056442242643315410e+01 3.396840677404551201e+00 -7.063915215808816583e+01 -7.062745953441381630e+01
-1.870000000000000107e+00 3.133873397271931083e+01 2.691780304817165757e+02 2.985792722439907720e+01 3.321684270161753716e+00 -7.124685982751711322e+01 -7.067138326767890533e+01
-1.859999999999999876e+00 3.137157234518343074e+01 2.684625104085857856e+02 2.915099871451748470e+01 3.245881486200785204e+00 -7.185767720043213558e+01 -7.071411818287496942e+01
-1.850000000000000089e+00 3.140364942019024497e+01 2.677408664476126887e+02 2.844364888075850217e+01 3.169423439495236750e+00 -7.247164348136386991e+01 -7.075564531592139872e+01
-1.839999999999999858e+00 3.143495860089359439e+01 2.670130669140081068e+02 2.773588989485455869e+01 3.092301074659424387e+00 -7.308879849780721827e+01 -7.079594524943709644e+01
-1.830000000000000071e+00 3.146549319914760190e+01 2.662790797219370234e+02 2.702773412468834380e+01 3.014505158917195615e+00 -7.370918272467653765e+01 -7.083499808747129123e+01
-1.819999999999999840e+00 3.149524643104919974e+01 2.655388723695235740e+02 2.631919414726050377e+01 2.936026269353872564e+00 -7.433283732194652771e+01 -7.087278341451272468e+01
-1.810000000000000053e+00 3.152421141837252705e+01 2.647924119425483127e+02 2.561028274368180035e+01 2.856854798680307894e+00 -7.495980412054444741e+01 -7.090928031620202887e+01
-1.799999999999999822e+00 3.155238118719043428e+01 2.640396651091845683e+02 2.490101290271913825e+01 2.776980952203697228e+00 -7.559012563331272361e+01 -7.094446737111061907e+01
-1.790000000000000036e+00 3.157974866559203520e+01 2.632805981119075227e+02 2.419139782713092046e+01 2.696394741908525461e+00 -7.622384507350716376e+01 -7.097832263247114781e+01
-1.779999999999999805e+00 3.160630667752825218e+01 2.625151767473233804e+02 2.348145095196732512e+01 2.615085968124498450e+00 -7.686100640528132999e+01 -7.101082356645483173e+01
-1.770000000000000018e+00 3.163204794471523940e+01 2.617433663711378244e+02 2.277118593796959800e+01 2.533044227027151152e+00 -7.750165432760476847e+01 -7.104194708087926813e+01
-1.759999999999999787e+00 3.165696508496952788e+01 2.609651318919603682e+02 2.206061667597180076e+01 2.450258906737799336e+00 -7.814583428779171470e+01 -7.107166951419469569e+01
-1.750000000000000000e+00 3.168105061047846860e+01 2.601804377648854256e+02 2.134975729148708012e+01 2.366719183241610125e+00 -7.879359249565126788e+01 -7.109996662395680289e+01
-1.739999999999999769e+00 3.170429692078063511e+01 2.593892479689533843e+02 2.063862216593378918e+01 2.282413998877338202e+00 -7.944497597973790448e+01 -7.112681351202446933e+01
-1.729999999999999982e+00 3.172669630420113052e+01 2.585915260103763558e+02 1.992722593126647723e+01 2.197332068682170458e+00 -8.010003257631473161e+01 -7.115218465088794630e+01
-1.719999999999999751e+00 3.174824093585675300e+01 2.577872349153100231e+02 1.921558347539531297e+01 2.111461875445021619e+00 -8.075881094560882900e+01 -7.117605386901546183e+01
-1.709999999999999964e+00 3.176892287530332482e+01 2.569763372215310824e+02 1.850370994872788799e+01 2.024791663621083870e+00 -8.142136059088561240e+01 -7.119839433212250412e+01
-1.699999999999999734e+00 3.178873406255424783e+01 2.561587949651769804e+02 1.779162077585513657e+01 1.937309427646548343e+00 -8.208773189066414488e+01 -7.121917850378767412e+01
-1.689999999999999947e+00 3.180766631642119080e+01 2.553345696745143130e+02 1.707933165989530266e+01 1.849002908231323516e+00 -8.275797611255812569e+01 -7.123837813576190570e+01
-1.680000000000000160e+00 3.182571133156608667e+01 2.545036223598476965e+02 1.636685859094416884e+01 1.759859584247179143e+00 -8.343214543583663101e+01 -7.125596424078185009e+01
-1.669999999999999929e+00 3.184286067631331107e+01 2.536659135056255820e+02 1.565421785204143390e+01 1.669866667188733445e+00 -8.411029297145813644e+01 -7.127190707759031341e+01
-1.660000000000000142e+00 3.185910578959660100e+01 2.528214030600945534e+02 1.494142602800197039e+01 1.579011092677513162e+00 -8.479247278396452714e+01 -7.128617612111666801e+01
-1.649999999999999911e+00 3.187443797834476911e+01 2.519700504260729303e+02 1.422850001269864606e+01 1.487279513488271476e+00 -8.547873991613708711e+01 -7.129874004317619551e+01
-1.640000000000000124e+00 3.188884841461302955e+01 2.511118144511381161e+02 1.351545701729112636e+01 1.394658291686324603e+00 -8.616915040905956857e+01 -7.130956668472924775e+01
-1.629999999999999893e+00 3.190232813245128085e+01 2.502466534169813599e+02 1.280231457925848559e+01 1.301133489870235138e+00 -8.686376132800063488e+01 -7.131862302769374651e+01
-1.620000000000000107e+00 3.191486802522921806e+01 2.493745250299224949e+02 1.208909056981504904e+01 1.206690864007800457e+00 -8.756263078970994229e+01 -7.132587517664399002e+01
-1.609999999999999876e+00 3.192645884199850315e+01 2.484953864092553317e+02 1.137580320494718222e+01 1.111315852920705893e+00 -8.826581796353877962e+01 -7.133128830189723146e+01
-1.600000000000000089e+00 3.193709118490867027e+01 2.476091940773616216e+02 1.066247105202032230e+01 1.014993571411519468e+00 -8.897338314425573458e+01 -7.133482665775049725e+01
-1.589999999999999858e+00 3.194675550530440233e+01 2.467159039484923539e+02 9.949113042605738144e+00 9.177087988958891884e-01 -8.968538769492282370e+01 -7.133645347624442934e+01
-1.580000000000000071e+00 3.195544210078114489e+01 2.458154713172293668e+02 9.235748479797116772e+00 8.194459712082480252e-01 -9.040189414520432365e+01 -7.133613099755675080e+01
-1.569999999999999840e+00 3.196314111152937798e+01 2.449078508471036457e+02 8.522397049555380022e+00 7.201891700499256643e-01 -9.112296617346449068e+01 -7.133382039833088584e+01
-1.560000000000000053e+00 3.196984251670800958e+01 2.439929965591563246e+02 7.809078831849646463e+00 6.199221125239269270e-01 -9.184866860322644300e+01 -7.132948173146994009e+01
-1.549999999999999822e+00 3.197553613078001433e+01 2.430708618204724303e+02 7.095814311984014466e+00 5.186281405382100473e-01 -9.257906739596114676e+01 -7.132307386237472713e+01
-1.540000000000000036e+00 3.198021159970557648e+01 2.421413993330160963e+02 6.382624392939000302e+00 4.162902097567542370e-01 -9.331422960267879319e+01 -7.131455437113828566e+01
-1.529999999999999805e+00 3.198385839702235245e+01 2.412045611232204010e+02 5.669530408911427344e+00 3.128908783902808466e-01 -9.405422321756822157e+01 -7.130387937927284270e+01
-1.520000000000000018e+00 3.198646581981839887e+01 2.402602985349781477e+02 4.956554142027741250e+00 2.084122961223346948e-01 -9.479911682736984346e+01 -7.129100322203746032e+01
-1.509999999999999787e+00 3.198802298458997484e+01 2.393085622244405499e+02 4.243717841080467679e+00 1.028361932054302486e-01 -9.554897901413734473e+01 -7.127587793385008297e+01
-1.500000000000000000e+00 3.198851882300673566e+01 2.383493021698643588e+02 3.531044252188536348e+00 -3.856126270822102242e-03 -9.630387632861797442e+01 -7.125845167563267069e+01
-1.489999999999999769e+00 3.198794207766396269e+01 2.373824677152840650e+02 2.818556675109419984e+00 -1.116837779849895185e-01 -9.706386750340769254e+01 -7.123866439904912795e+01
-1.479999999999999982e+00 3.198628129811300980e+01 2.364080077287384540e+02 2.106279104381826528e+00 -2.206662325550166059e-01 -9.782898265918939273e+01 -7.121643254757940156e+01
-1.469999999999999751e+00 3.198352483882309372e+01 2.354258712718460060e+02 1.394236743946791535e+00 -3.308228754117887860e-01 -9.859911545903139540e+01 -7.119157057993442095e+01
-1.459999999999999964e+00 3.197966087437022509e+01 2.344360120965118028e+02 6.824592902125488081e-01 -4.421681299452444591e-01 -9.937298396287961566e+01 -7.116304139616147495e+01
-1.449999999999999734e+00 3.197467784340891228e+01 2.334384753431838817e+02 -2.895687026536108988e-02 -5.545653911600005870e-01 -1.001212271542065793e+02 -7.110970182299178077e+01
-1.439999999999999947e+00 3.196856533162714697e+01 2.324335314470416449e+02 -7.397508037649060952e-01 -6.682135517423049009e-01 -1.008807751857135742e+02 -7.105731646990770400e+01
-1.430000000000000160e+00 3.196130900296051536e+01 2.314207776902434830e+02 -1.450138960841812263e+00 -7.832671409631188908e-01 -1.016714325422833554e+02 -7.102022605373927888e+01
-1.419999999999999929e+00 3.195289569234285310e+01 2.304000799933614019e+02 -2.160148923216425487e+00 -8.996109203860953585e-01 -1.024691308511332437e+02 -7.098135533964435240e+01
-1.410000000000000142e+00 3.194331243147069088e+01 2.293713751213124681e+02 -2.869757276234501830e+00 -1.017260749032313782e+00 -1.032728305825339845e+02 -7.093985812285188786e+01
-1.399999999999999911e+00 3.193254604857751389e+01 2.283346036381811928e+02 -3.578936736833327359e+00 -1.136239251388124316e+00 -1.040824557573589146e+02 -7.089555778587859436e+01
-1.390000000000000124e+00 3.192058313727732966e+01 2.272897060899251755e+02 -4.287658778277737781e+00 -1.256570525195176202e+00 -1.048980555542050581e+02 -7.084836104810148072e+01
-1.379999999999999893e+00 3.190741004580200624e+01 2.262366223515681440e+02 -4.995894047465618826e+00 -1.378279503900690983e+00 -1.057197080995195790e+02 -7.079819115052814027e+01
-1.370000000000000107e+00 3.189301286939698343e+01 2.251752914558677503e+02 -5.703612448237088017e+00 -1.501391846113055095e+00 -1.065475023863504020e+02 -7.074497530207000295e+01
-1.359999999999999876e+00 3.187737744320684641e+01 2.241056515171887611e+02 -6.410783158195421549e+00 -1.625933915696897714e+00 -1.073815328742650763e+02 -7.068864087290619125e+01
-1.350000000000000089e+00 3.186048933522145177e+01 2.230276396888863246e+02 -7.117374621569545923e+00 -1.751932780883548091e+00 -1.082218971616735530e+02 -7.062911371155880147e+01
-1.339999999999999858e+00 3.184233383919545446e+01 2.219411921378607246e+02 -7.823354529505252231e+00 -1.879416242191593867e+00 -1.090686959031824301e+02 -7.056631794703645255e+01
-1.330000000000000071e+00 3.182289596671279952e+01 2.208462439864835005e+02 -8.528689819972974817e+00 -2.008412890425329778e+00 -1.099220342988383550e+02 -7.050017678374126717e+01
-1.319999999999999840e+00 3.180216043978308704e+01 2.197427293044761143e+02 -9.233346643578954627e+00 -2.138952077040068289e+00 -1.107820190477970641e+02 -7.043061041461453442e+01
-1.310000000000000053e+00 3.178011168310963086e+01 2.186305810910712353e+02 -9.937290334890406029e+00 -2.271063941654537288e+00 -1.116487586854190113e+02 -7.035753612335200557e+01
-1.299999999999999822e+00 3.175673381575824550e+01 2.175097312484333827e+02 -1.064048538703082158e+01 -2.404779439699508359e+00 -1.125223634356911333e+02 -7.028086802526286192e+01
-1.290000000000000036e+00 3.173201064306442021e+01 2.163801105647541760e+02 -1.134289542035446630e+01 -2.540130373162217126e+00 -1.134029457768770754e+02 -7.020051732147098278e+01
-1.279999999999999805e+00 3.170592564819807535e+01 2.152416486916837357e+02 -1.204448315348681575e+01 -2.677149420532378699e+00 -1.142906206542665188e+02 -7.011639229511453664e+01
-1.270000000000000018e+00 3.167846198284078696e+01 2.140942741187931517e+02 -1.274521037177404281e+01 -2.815870169470576556e+00 -1.151855055443269720e+02 -7.002839818216129686e+01
-1.259999999999999787e+00 3.164960245789425741e+01 2.129379141476439088e+02 -1.344503789619124490e+01 -2.956327149337038662e+00 -1.160877205323195227e+02 -6.993643705303480829e+01
-1.250000000000000000e+00 3.161932953446199690e+01 2.117724948656608888e+02 -1.414392555387242822e+01 -3.098555862427980756e+00 -1.169973884097981340e+02 -6.984040771611248033e+01
-1.239999999999999769e+00 3.158762531399480977e+01 2.105979411187865651e+02 -1.484183214502295556e+01 -3.242592818408052580e+00 -1.179146347488087940e+02 -6.974020558641159084e+01
-1.229999999999999982e+00 3.155447152655906251e+01 2.094141764822203697e+02 -1.553871540108957561e+01 -3.388475579253469760e+00 -1.188395879777012425e+02 -6.963572249845857698e+01
-1.219999999999999751e+00 3.151984952161612696e+01 2.082211232325468302e+02 -1.623453195549581096e+01 -3.536242788850499252e+00 -1.197723794612995221e+02 -6.952684660561374130e+01
-1.209999999999999964e+00 3.148374025750780447e+01 2.070187023183035535e+02 -1.692923730852924535e+01 -3.685934209998880107e+00 -1.207131435839170734e+02 -6.941346224132612974e+01
-1.199999999999999734e+00 3.144612428823852568e+01 2.058068333281939601e+02 -1.762278577933835066e+01 -3.837590775412476063e+00 -1.216620178318050307e+02 -6.929544970411919280e+01
-1.189999999999999947e+00 3.140698175216481758e+01 2.045854344599652563e+02 -1.831513046776409226e+01 -3.991254628233583901e+00 -1.226191428819348062e+02 -6.917268510408692350e+01
-1.180000000000000160e+00 3.136629236034593049e+01 2.033544224883949312e+02 -1.900622321499789535e+01 -4.146969163887327170e+00 -1.235846626942229136e+02 -6.904504020468534975e+01
-1.169999999999999929e+00 3.132403538350039796e+01 2.021137127318608577e+02 -1.969601455774136411e+01 -4.304779078891979083e+00 -1.245587246045097629e+02 -6.891238222739175967e+01
-1.160000000000000142e+00 3.128018963953310205e+01 2.008632190190379845e+02 -2.038445368536242341e+01 -4.464730416346032627e+00 -1.255414794196157260e+02 -6.877457367589244086e+01
-1.149999999999999911e+00 3.123473347838923431e+01 1.996028536522225920e+02 -2.107148838507605149e+01 -4.626870624833200552e+00 -1.265330815183488653e+02 -6.863147209203719967e+01
-1.140000000000000124e+00 3.118764476760139814e+01 1.983325273709814667e+02 -2.175706499063834798e+01 -4.791248613458025218e+00 -1.275336889539060223e+02 -6.848292983376923360e+01
-1.129999999999999893e+00 3.113890087864288247e+01 1.970521493160481441e+02 -2.244112833522365946e+01 -4.957914802120692244e+00 -1.285434635591689982e+02 -6.832879388097941842e+01
-1.120000000000000107e+00 3.108847867086469563e+01 1.957616269904022488e+02 -2.312362169330591399e+01 -5.126921184270148757e+00 -1.295625710553779015e+02 -6.816890557629322700e+01
-1.109999999999999876e+00 3.103635447541547876e+01 1.944608662197657623e+02 -2.380448672287938194e+01 -5.298321389269739612e+00 -1.305911811641927613e+02 -6.800310037046749301e+01
-1.100000000000000089e+00 3.098250407914915527e+01 1.931497711125199430e+02 -2.448366340804412999e+01 -5.472170744347355509e+00 -1.316294677231638275e+02 -6.783120757256398292e+01
-1.089999999999999858e+00 3.092690270626200544e+01 1.918282440171775534e+02 -2.516108999110718969e+01 -5.648526348313181344e+00 -1.326776088027288836e+02 -6.765305003752793311e+01
-1.080000000000000071e+00 3.086952500135973310e+01 1.904961854802004950e+02 -2.583670291217305959e+01 -5.827447137020611123e+00 -1.337357868298812491e+02 -6.746844390343011355e+01
-1.069999999999999840e+00 3.081034500998613623e+01 1.891534942013937837e+02 -2.651043673678466206e+01 -6.008993962089784091e+00 -1.348041887112181030e+02 -6.727719825642327578e+01
-1.060000000000000053e+00 3.074933615899225003e+01 1.878000669883921603e+02 -2.718222408337381779e+01 -6.193229669949630534e+00 -1.358830059609605883e+02 -6.707911479766224261e+01
-1.049999999999999822e+00 3.068647123709203584e+01 1.864357987104248764e+02 -2.785199555225738521e+01 -6.380219179290740783e+00 -1.369724348351239200e+02 -6.687398752339338159e+01
-1.040000000000000036e+00 3.062172237235367334e+01 1.850605822495733435e+02 -2.851967963989829258e+01 -6.570029574776416581e+00 -1.380726764610119801e+02 -6.666160231352485255e+01
-1.029999999999999805e+00 3.055506101132442609e+01 1.836743084519165166e+02 -2.918520266209579006e+01 -6.762730191281182357e+00 -1.391839369800693760e+02 -6.644173658140925909e+01
-1.020000000000000018e+00 3.048645789551932239e+01 1.822768660764426443e+02 -2.984848866455755712e+01 -6.958392711774793682e+00 -1.403064276863347573e+02 -6.621415884646155803e+01
-1.009999999999999787e+00 3.041588303711660046e+01 1.808681417426554106e+02 -3.050945933014366318e+01 -7.157091269091058194e+00 -1.414403651686823764e+02 -6.597862828854879069e+01
-1.000000000000000000e+00 3.034330569458401072e+01 1.794480198774358257e+02 -3.116803388628802196e+01 -7.358902548143328559e+00 -1.425859714593201488e+02 -6.573489430460296035e+01
-9.899999999999997691e-01 3.026869434624378741e+01 1.780163826591118266e+02 -3.182412900332960959e+01 -7.563905896924968175e+00 -1.437434741831206395e+02 -6.548269601827585973e+01
-9.799999999999999822e-01 3.019201666305563592e+01 1.765731099614426114e+02 -3.247765868867004002e+01 -7.772183444066875779e+00 -1.449131067082348068e+02 -6.522176175503351203e+01
-9.699999999999997513e-01 3.011323948031697739e+01 1.751180792951909950e+02 -3.312853417685812474e+01 -7.983820219579985888e+00 -1.460951083004093221e+02 -6.495180850274975626e+01
-9.599999999999999645e-01 3.003232876805722995e+01 1.736511657480406825e+02 -3.377666381383013317e+01 -8.198904282005930355e+00 -1.472897242791211454e+02 -6.467254133894348911e+01
-9.499999999999997335e-01 2.994924960000419389e+01 1.721722419237881354e+02 -3.442195293395345601e+01 -8.417526855089786153e+00 -1.484972061742969629e+02 -6.438365280688084624e+01
-9.399999999999999467e-01 2.986396612124111627e+01 1.706811778789840162e+02 -3.506430373187353666e+01 -8.639782468528233395e+00 -1.497178118838544378e+02 -6.408482227021515598e+01
-9.299999999999997158e-01 2.977644151433064224e+01 1.691778410592467310e+02 -3.570361512630145029e+01 -8.865769108825123368e+00 -1.509518058350364527e+02 -6.377571521570276047e+01
-9.199999999999999289e-01 2.968663796416053557e+01 1.676620962329407689e+02 -3.633978261883225258e+01 -9.095588375376408408e+00 -1.521994591440845284e+02 -6.345598252636520442e+01
-9.100000000000001421e-01 2.959451662068538980e+01 1.661338054207259063e+02 -3.697269814442964275e+01 -9.329345643460598581e+00 -1.534610497548328567e+02 -6.312525970160669431e+01
-8.999999999999999112e-01 2.950003756045937209e+01 1.645928278281422195e+02 -3.760224991311756071e+01 -9.567150242030027840e+00 -1.547368626199839525e+02 -6.278316602885110598e+01
-8.900000000000001243e-01 2.940315974670693677e+01 1.630390197833839352e+02 -3.822832223991050427e+01 -9.809115639112288676e+00 -1.560271898508939614e+02 -6.242930369060109541e+01
-8.799999999999998934e-01 2.930384098657068392e+01 1.614722346571172409e+02 -3.885079537275979078e+01 -1.005535962911157455e+01 -1.573323308380430205e+02 -6.206325683945911464e+01
-8.700000000000001066e-01 2.920203788560998248e+01 1.598923227742538984e+02 -3.946954531157016532e+01 -1.030600454136062183e+01 -1.586525924527945506e+02 -6.168459061828272638e+01
-8.599999999999998757e-01 2.909770580264444817e+01 1.582991313539836256e+02 -4.008444360815392571e+01 -1.056117745802627539e+01 -1.599882892049159011e+02 -6.129285009693795416e+01
-8.500000000000000888e-01 2.899079880257595931e+01 1.566925044537885867e+02 -4.069535715228927586e+01 -1.082101042333174234e+01 -1.613397431363434293e+02 -6.088755906067297019e+01
-8.399999999999998579e-01 2.888126960389279674e+01 1.550722828711650720e+02 -4.130214796030701052e+01 -1.108564068678354175e+01 -1.627072839933704245e+02 -6.046821882054794628e+01
-8.300000000000000711e-01 2.876906952359452418e+01 1.534383040392558257e+02 -4.190467295422420335e+01 -1.135521100970914254e+01 -1.640912500284789530e+02 -6.003430714741445229e+01
-8.199999999999998401e-01 2.865414842271252738e+01 1.517904019695680802e+02 -4.250278370922197269e+01 -1.162986990046048064e+01 -1.654919877002284920e+02 -5.958527677587159133e+01
-8.100000000000000533e-01 2.853645464896870720e+01 1.501284071926341426e+02 -4.309632618715031782e+01 -1.190977182043127947e+01 -1.669098507702044003e+02 -5.912055361970623579e+01
-7.999999999999998224e-01 2.841593497411095015e+01 1.484521466608044875e+02 -4.368514046925563576e+01 -1.219507753000031869e+01 -1.683452009826605149e+02 -5.863953540184062518e+01
-7.900000000000000355e-01 2.829253452842070615e+01 1.467614436515160321e+02 -4.426906047324337123e+01 -1.248595448137340824e+01 -1.697984091799471855e+02 -5.814159035299540079e+01
-7.799999999999998046e-01 2.816619673313863359e+01 1.450561176907436618e+02 -4.484791364411294268e+01 -1.278257710248850110e+01 -1.712698547000377971e+02 -5.762605522784856760e+01
-7.700000000000000178e-01 2.803686322938553133e+01 1.433359844807171157e+02 -4.542152062284108638e+01 -1.308512708177114803e+01 -1.727599244636976152e+02 -5.709223308655774787e+01
-7.599999999999997868e-01 2.790447380340930295e+01 1.416008558092299268e+02 -4.598969490882883804e+01 -1.339379376112371034e+01 -1.742690132586244829e+02 -5.653939137696064421e+01
-7.500000000000000000e-01 2.776896630815047828e+01 1.398505394792678942e+02 -4.655224248732710635e+01 -1.370877453584201078e+01 -1.757975238543761520e+02 -5.596675985333175873e+01
-7.399999999999997691e-01 2.763027658054552660e+01 1.380848392268793816e+02 -4.710896144250287421e+01 -1.403027527825055820e+01 -1.773458670184406571e+02 -5.537352829370031770e+01
-7.299999999999999822e-01 2.748833835449890017e+01 1.363035546375725460e+02 -4.765964154813832465e+01 -1.435851078242115619e+01 -1.789144614209332929e+02 -5.475884402047083910e+01
-7.199999999999997513e-01 2.734308316960055762e+01 1.345064810722655011e+02 -4.820406382819616908e+01 -1.469370522497557729e+01 -1.805037333897343785e+02 -5.412180922287848261e+01
-7.099999999999999645e-01 2.719444027462543545e+01 1.326934095963294453e+02 -4.874200008682674934e+01 -1.503609265223391667e+01 -1.821141165358095861e+02 -5.346147804045660479e+01
-6.999999999999997335e-01 2.704233652641052288e+01 1.308641269013005797e+02 -4.927321241878430413e+01 -1.538591750058257723e+01 -1.837460514362846880e+02 -5.277685350947818677e+01
-6.899999999999999467e-01 2.688669628326704597e+01 1.290184152383970684e+02 -4.979745268148097637e+01 -1.574343514023605550e+01 -1.853999851205304310e+02 -5.206688423645446306e+01
-6.799999999999997158e-01 2.672744129273363356e+01 1.271560523601666688e+02 -5.031446193035596082e+01 -1.610891244721559801e+01 -1.870763704078388230e+02 -5.133046080863746852e+01
-6.699999999999999289e-01 2.656449057355856525e+01 1.252768114651994722e+02 -5.082396982071450964e+01 -1.648262840883622360e+01 -1.887756651647435149e+02 -5.056641196339463562e+01
-6.600000000000001421e-01 2.639776029139505198e+01 1.233804611514140674e+02 -5.132569396915228310e+01 -1.686487476189592982e+01 -1.904983314043946052e+02 -4.977350046321597432e+01
-6.499999999999999112e-01 2.622716362804646906e+01 1.214667653813189645e+02 -5.181933927115676397e+01 -1.725595666165022379e+01 -1.922448341841190995e+02 -4.895041865416721549e+01
-6.400000000000001243e-01 2.605261064369308954e+01 1.195354834555186727e+02 -5.230459717457607383e+01 -1.765619338970679664e+01 -1.940156403467165092e+02 -4.809578369754959226e+01
-6.299999999999998934e-01 2.587400813206031103e+01 1.175863700051031486e+02 -5.278114490084011834e+01 -1.806591908930138857e+01 -1.958112169551359898e+02 -4.720813242563338719e+01
-6.200000000000001066e-01 2.569125946782529013e+01 1.156191749947501677e+02 -5.324864461619436895e+01 -1.848548354689211948e+01 -1.976320295547872092e+02 -4.628591581857747883e+01
-6.099999999999998757e-01 2.550426444629477984e+01 1.136336437520147342e+02 -5.370674254163240846e+01 -1.891525299717908126e+01 -1.994785400192319855e+02 -4.532749304517226108e+01
-6.000000000000000888e-01 2.531291911456081323e+01 1.116295170118516182e+02 -5.415506800536505239e+01 -1.935561097600163549e+01 -2.013512041475947854e+02 -4.433112505998182229e+01
-5.899999999999998579e-01 2.511711559462626653e+01 1.096065309976432331e+02 -5.459323242470054538e+01 -1.980695919718805342e+01 -2.032504687699260444e+02 -4.329496770541140194e+01
-5.800000000000000711e-01 2.491674189615837065e+01 1.075644175184458504e+02 -5.502082821970105897e+01 -2.026971846802316435e+01 -2.051767684118973136e+02 -4.221706427759118441e+01
-5.699999999999998401e-01 2.471168172094355597e+01 1.055029041123056572e+02 -5.543742764769794462e+01 -2.074432963030318433e+01 -2.071305213872806519e+02 -4.109533752879836044e+01
-5.600000000000000533e-01 2.450181425930208334e+01 1.034217142431519960e+02 -5.584258155450527994e+01 -2.123125454329015582e+01 -2.091121254290263778e+02 -3.992758110019952511e+01
-5.499999999999998224e-01 2.428701397303773746e+01 1.013205675159497048e+02 -5.623581803911309862e+01 -2.173097706760276182e+01 -2.111219523719013864e+02 -3.871145024577403149e+01
-5.400000000000000355e-01 2.406715037199067098e+01 9.919917997902633999e+01 -5.661664101906191604e+01 -2.224400407430822924e+01 -2.131603421130040488e+02 -3.744445188348618103e+01
-5.299999999999998046e-01 2.384208777697228498e+01 9.705726446089535386e+01 -5.698452869640411222e+01 -2.277086646756192323e+01 -2.152275957304535154e+02 -3.612393394789186374e+01
-5.200000000000000178e-01 2.361168507403139927e+01 9.489453099445886153e+01 -5.733893191186723470e+01 -2.331212024432448615e+01 -2.173239678446215351e+02 -3.474707397915717877e+01
-5.099999999999997868e-01 2.337579546342913872e+01 9.271068737090517686e+01 -5.767927237414077979e+01 -2.386834729014086420e+01 -2.194496557012730591e+02 -3.331086671076319305e+01
-5.000000000000000000e-01 2.313426619014963492e+01 9.050543971289751255e+01 -5.800494077471334009e+01 -2.444015661584233357e+01 -2.216047908514285325e+02 -3.181211119116589359e+01
-4.899999999999997691e-01 2.288693827011807969e+01 8.827849320996965332e+01 -5.831529475911165150e+01 -2.502818514593145238e+01 -2.237894259750904098e+02 -3.024739673283526287e+01
-4.799999999999999822e-01 2.263364620809952399e+01 8.602955298788882033e+01 -5.860965675362695748e+01 -2.563309833032163709e+01 -2.260035188697957267e+02 -2.861308771493056824e+01
-4.699999999999997513e-01 2.237421770803957699e+01 8.375832512816774056e+01 -5.888731163962815884e+01 -2.625559104636506902e+01 -2.282469182250818847e+02 -2.690530813309229785e+01
-4.599999999999999645e-01 2.210847337500868903e+01 8.146451784368240112e+01 -5.914750426647512427e+01 -2.689638823861206518e+01 -2.305193456762637538e+02 -2.511992480999008848e+01
-4.499999999999997335e-01 2.183622641312532409e+01 7.914784285438241795e+01 -5.938943679410042620e+01 -2.755624527907324506e+01 -2.328203745330916377e+02 -2.325252965186437137e+01
-4.399999999999999467e-01 2.155728232013302303e+01 7.680801699149654382e+01 -5.961226584783580051e+01 -2.823594794617641668e+01 -2.351494044151865239e+02 -2.129842093248789325e+01
-4.299999999999997158e-01 2.127143858485795391e+01 7.444476407546108021e+01 -5.981509948563029866e+01 -2.893631206104319631e+01 -2.375056325463052929e+02 -1.925258395185895566e+01
-4.199999999999999289e-01 2.097848439252294028e+01 7.205781710552385277e+01 -5.999699397643320964e+01 -2.965818263264213783e+01 -2.398880208831149616e+02 -1.710967126224283064e+01
-4.100000000000001421e-01 2.067820033664473200e+01 6.964692078921932250e+01 -6.015695036189975298e+01 -3.040243246214067341e+01 -2.422952584321292306e+02 -1.486398225085036628e+01
-3.999999999999999112e-01 2.037035815179822151e+01 6.721183448574950603e+01 -6.029391082383434508e+01 -3.116995995142412568e+01 -2.447257178655317489e+02 -1.250944280050678259e+01
-3.900000000000001243e-01 2.005472047645751488e+01 6.475233561997673348e+01 -6.040675486515536363e+01 -3.196168589431621143e+01 -2.471774056730814095e+02 -1.003958566184532231e+01
-3.799999999999998934e-01 1.973104064317860207e+01 6.226822361068134626e+01 -6.049429525714280942e+01 -3.277854927823793929e+01 -2.496479052512289911e+02 -7.447530941340083643e+00
-3.700000000000001066e-01 1.939906252815046983e+01 5.975932442874263018e+01 -6.055527384059627138e+01 -3.362150146789883820e+01 -2.521343115867274776e+02 -4.725969113386369713e+00
-3.599999999999998757e-01 1.905852046259018095e+01 5.722549584470568362e+01 -6.058835715015547407e+01 -3.449149869861425088e+01 -2.546331567156622384e+02 -1.867146339926001986e+00
-3.500000000000000888e-01 1.870913922969101861e+01 5.466663346738035045e+01 -6.059213191473833149e+01 -3.538949238207704440e+01 -2.571403247331875832e+02 1.137146118072706713e+00
-3.399999999999998579e-01 1.835063417440940015e+01 5.208267771273680324e+01 -6.056510047855483947e+01 -3.631641683815026056e+01 -2.596509555386605257e+02 4.295576909622930373e+00
-3.300000000000000711e-01 1.798271144462440319e+01 4.947362175267642215e+01 -6.050567620616762099e+01 -3.727317387947715588e+01 -2.621593359631788189e+02 7.617271922068624690e+00
-3.199999999999998401e-01 1.760506841228662722e+01 4.683952067084281623e+01 -6.041217896647049912e+01 -3.826061344122941676e+01 -2.646587761564521202e+02 1.111180112824727217e+01
-3.100000000000000533e-01 1.721739430708216290e+01 4.418050190588626691e+01 -6.028283081196223492e+01 -3.927950976611418099e+01 -2.671414717434424801e+02 1.478915192083741914e+01
-2.999999999999998224e-01 1.681937111280798902e+01 4.149677713611772134e+01 -6.011575201095465815e+01 -4.033053238003189733e+01 -2.695983518978894153e+02 1.865968468380040690e+01
-2.900000000000000355e-01 1.641067478772204069e+01 3.878865577640354445e+01 -5.990895763787605688e+01 -4.141421031169153366e+01 -2.720189081782146445e+02 2.273406603809456072e+01
-2.799999999999998046e-01 1.599097687653574695e+01 3.605656028298730575e+01 -5.966035494286682450e+01 -4.253088945556545042e+01 -2.743910122167432064e+02 2.702317322537525257e+01
-2.700000000000000178e-01 1.555994658896170080e+01 3.330104329890540527e+01 -5.936774188230103277e+01 -4.368068174060226028e+01 -2.767007205003314994e+02 3.153796367549769997e+01
-2.599999999999997868e-01 1.511725343334302885e+01 3.052280684048214709e+01 -5.902880714105479143e+01 -4.486340452685846714e+01 -2.789320662690345216e+02 3.628930118884489531e+01
-2.500000000000000000e-01 1.466257050953058005e+01 2.772272359825327470e+01 -5.864113215646857924e+01 -4.607850936203705317e+01 -2.810668458763212243e+02 4.128772858094107789e+01
-2.399999999999997691e-01 1.419557856960982356e+01 2.490186036278586812e+01 -5.820219572465835967e+01 -4.732499959578638027e+01 -2.830844088384267252e+02 4.654317721426530596e+01
-2.299999999999999822e-01 1.371597095928438925e+01 2.206150348640057146e+01 -5.770938186653153679e+01 -4.860133653839928769e+01 -2.849614626791854448e+02 5.206460346577430442e+01
-2.199999999999997513e-01 1.322345955429059394e+01 1.920318615862987244e+01 -5.715999173829342084e+01 -4.990533446446022481e+01 -2.866719085746651672e+02 5.785954187059640930e+01
-2.099999999999999645e-01 1.271778179717441049e+01 1.632871708192551807e+01 -5.655126046434025255e+01 -5.123404589844879808e+01 -2.881867295745744855e+02 6.393356655214083872e+01
-1.999999999999997335e-01 1.219870891754202979e+01 1.344020989299865576e+01 -5.588037982915685120e+01 -5.258363997768920939e+01 -2.894739584868721067e+02 7.028965596401349103e+01
-1.899999999999999467e-01 1.166605539107322898e+01 1.054011237893797670e+01 -5.514452783414702708e+01 -5.394927854975617265e+01 -2.904987590236954702e+02 7.692746121977575058e+01
-1.799999999999997158e-01 1.111968960848217591e+01 7.631234132246603963e+00 -5.434090597045909021e+01 -5.532499757658388262e+01 -2.912236592870111167e+02 8.384249001206228513e+01
-1.699999999999999289e-01 1.055954567086957496e+01 4.716770946733918279e+00 -5.346678501645686055e+01 -5.670360369411977075e+01 -2.916089810737085486e+02 9.102522718839213667e+01
-1.600000000000001421e-01 9.985636087416692064e+00 1.800323756339669234e+00 -5.251955977854262159e+01 -5.807659935422495323e+01 -2.916135079635671445e+02 9.846023282080810191e+01
-1.499999999999999112e-01 9.398065012974328170e+00 -1.114090463682937848e+00 -5.149681272838650870e+01 -5.943415269969044346e+01 -2.911954295972732893e+02 1.061252774945052977e+02
-1.400000000000001243e-01 8.797041487167589935e+00 -4.022038713452539938e+00 -5.039638575892902139e+01 -6.076513023373339450e+01 -2.903135844187917769e+02 1.139905961340434573e+02
-1.299999999999998934e-01 8.182891954590649775e+00 -6.918685916661292623e+00 -4.921645839421852742e+01 -6.205721083595184240e+01 -2.889289997419268161e+02 1.220183617381561447e+02
-1.200000000000001066e-01 7.556071174937415869e+00 -9.798825635005167456e+00 -4.795562973013027630e+01 -6.329709717957313586e+01 -2.870066926820038589e+02 1.301624931021450493e+02
-1.099999999999998757e-01 6.917170481176226460e+00 -1.265692974176092633e+01 -4.661300008940770567e+01 -6.447083390623730281e+01 -2.845176461695287458e+02 1.383689109578152454e+02
-1.000000000000000888e-01 6.266922322340765739e+00 -1.548721820944930982e+01 -4.518824748661234025e+01 -6.556423209776480121e+01 -2.814408293369698981e+02 1.465763371489893814e+02
-8.999999999999985789e-02 5.606200083876005102e+00 -1.828374861396885365e+01 -4.368169315042114675e+01 -6.656338582689801342e+01 -2.777650861273618261e+02 1.547176906893350861e+02
-8.000000000000007105e-02 4.936012401064053812e+00 -2.104052299961430705e+01 -4.209435010190917126e+01 -6.745525037823095715e+01 -2.734906860520480336e+02 1.627220690598489909e+02
-6.999999999999984013e-02 4.257491563062481887e+00 -2.375160771556695849e+01 -4.042794934603055168e+01 -6.822823743042989975e+01 -2.686303333598604581e+02 1.705172238936183362e+02
-6.000000000000005329e-02 3.571876107355685726e+00 -2.641125990177165406e+01 -3.868493951878330961e+01 -6.887277199772729830e+01 -2.632094656563054969e+02 1.780323575038557919e+02
-4.999999999999982236e-02 2.880488278800350965e+00 -2.901405296594334615e+01 -3.686845795179083041e+01 -6.938175410761868989e+01 -2.572657472057884434e+02 1.852010017066236571e+02
-4.000000000000003553e-02 2.184707556484435820e+00 -3.155499294387856324e+01 -3.498227364853389076e+01 -6.975087567240484532e+01 -2.508477582616497443e+02 1.919637094860579793e+02
-2.999999999999980460e-02 1.485941880391783876e+00 -3.402961814500886817e+01 -3.303070536879734220e+01 -6.997875984022390128e+01 -2.440129883067978369e+02 1.982703020322057341e+02
-2.000000000000001776e-02 7.855984278762561113e-01 -3.643407601578260824e+01 -3.101852033719595525e+01 -7.006691277612732449e+01 -2.368253303670345531e+02 2.040814701113967544e+02
-9.999999999999786837e-03 8.505575972807910556e-02 -3.876517351116830667e+01 -2.895082068082266247e+01 -7.001950206236638508e+01 -2.293523276450787023e+02 2.093696198491499842e+02
0.000000000000000000e+00 -6.143610901257231527e-01 -4.102039978451349356e+01 -2.683292524310158100e+01 -6.984299552574495351e+01 -2.216624339514334281e+02 2.141189517040742771e+02
